!MOLECULE
CF+ spectroscopy from CDMS version 2 of Feb 2010                                                                 
!MOLECULAR WEIGHT
   31.0 
! NUMBER OF ENERGY LEVELS
          11
!LEVEL + ENERGIES(cm^-1) + WEIGHT + J (or other quantum numbers)
    1     0.000000000   1.0   0
    2     3.421951752   3.0   1  
    3    10.265751887   5.0   2 
    4    20.530946599   7.0   3 
    5    34.217287098   9.0   4 
    6    51.323917641  11.0   5 
    7    71.850389160  13.0   6 
    8    95.795448247  15.0   7 
    9   123.158343251  17.0   8 
   10   153.937622244  19.0   9 
   11   188.132133327  21.0  10 
! NUMBER OF RADIATIVE TRANSITIONS
          10
!TRANS + U + L + A(s^-1) + FREQ(GHz) + E_u/k(K)
     1     2     1  4.817E-06         102.58753270     4.92   
     2     3     2  4.624E-05         205.17052000    14.77   
     3     4     3  1.672E-04         307.74435100    29.54    
     4     5     4  4.109E-04         410.30456500    49.23    
     5     6     5  8.206E-04         512.84649300    73.84    
     6     7     6  1.439E-03         615.36566600   103.38    
     7     8     7  2.310E-03         717.85748500   137.83     
     8     9     8  3.477E-03         820.31740360   177.20     
     9    10     9  4.981E-03         922.74086710   221.48   
    10    11    10  6.866E-03        1025.12332170   270.68    
! NUMBER OF COLLISION PARTNERS
1
! COLLISION PARTNER
1 H2 scaled from He rates by Ajili & Hammami 2013, A&A 556, A82
! NUMBER OF COLLISIONAL TRANSITIONS
55
! NUMBER OF TEMPERATURES
10 
! TEMPERATURES
10.0 20.0 30.0 50.0 70.0 100.0 150.0 200.0 250.0 300.0  
! TRANSITION-NUMBER UPPER-STATE LOWER-STATE RATE (CM^3S^-1)
 1   2   1  1.02e-10 8.30e-11 7.29e-11 6.40e-11 6.12e-11 6.05e-11 6.11e-11 6.16e-11 6.17e-11 6.15e-11 
 2   3   1  7.34e-11 6.78e-11 6.34e-11 5.74e-11 5.35e-11 4.99e-11 4.66e-11 4.49e-11 4.38e-11 4.31e-11 
 3   3   2  1.81e-10 1.60e-10 1.44e-10 1.25e-10 1.15e-10 1.07e-10 1.02e-10 9.87e-11 9.67e-11 9.49e-11 
 4   4   1  4.34e-11 3.81e-11 3.36e-11 2.71e-11 2.30e-11 1.91e-11 1.56e-11 1.38e-11 1.26e-11 1.18e-11 
 5   4   2  1.72e-10 1.63e-10 1.55e-10 1.41e-10 1.31e-10 1.20e-10 1.09e-10 1.02e-10 9.82e-11 9.52e-11 
 6   4   3  2.05e-10 1.84e-10 1.69e-10 1.49e-10 1.38e-10 1.29e-10 1.20e-10 1.16e-10 1.13e-10 1.10e-10 
 7   5   1  3.89e-11 3.89e-11 3.77e-11 3.49e-11 3.25e-11 2.98e-11 2.69e-11 2.49e-11 2.36e-11 2.25e-11 
 8   5   2  8.37e-11 7.56e-11 6.82e-11 5.68e-11 4.90e-11 4.13e-11 3.42e-11 3.03e-11 2.79e-11 2.63e-11 
 9   5   3  1.79e-10 1.77e-10 1.71e-10 1.59e-10 1.49e-10 1.39e-10 1.28e-10 1.22e-10 1.18e-10 1.15e-10 
10   5   4  1.99e-10 1.80e-10 1.68e-10 1.52e-10 1.43e-10 1.35e-10 1.27e-10 1.22e-10 1.19e-10 1.16e-10 
11   6   1  2.01e-11 1.77e-11 1.56e-11 1.28e-11 1.10e-11 9.30e-12 7.75e-12 6.91e-12 6.41e-12 6.07e-12 
12   6   2  7.36e-11 7.48e-11 7.34e-11 6.91e-11 6.51e-11 6.05e-11 5.53e-11 5.20e-11 4.96e-11 4.78e-11 
13   6   3  9.62e-11 8.77e-11 7.97e-11 6.77e-11 5.95e-11 5.12e-11 4.33e-11 3.88e-11 3.60e-11 3.40e-11 
14   6   4  1.70e-10 1.71e-10 1.68e-10 1.59e-10 1.51e-10 1.42e-10 1.32e-10 1.26e-10 1.23e-10 1.20e-10 
15   6   5  1.64e-10 1.54e-10 1.48e-10 1.40e-10 1.36e-10 1.31e-10 1.26e-10 1.22e-10 1.20e-10 1.17e-10 
16   7   1  1.61e-11 1.63e-11 1.59e-11 1.49e-11 1.40e-11 1.31e-11 1.21e-11 1.15e-11 1.11e-11 1.08e-11 
17   7   2  3.76e-11 3.54e-11 3.25e-11 2.79e-11 2.45e-11 2.11e-11 1.79e-11 1.60e-11 1.49e-11 1.42e-11 
18   7   3  9.49e-11 9.45e-11 9.22e-11 8.64e-11 8.10e-11 7.49e-11 6.81e-11 6.39e-11 6.10e-11 5.89e-11 
19   7   4  8.77e-11 8.36e-11 7.84e-11 6.95e-11 6.28e-11 5.56e-11 4.83e-11 4.38e-11 4.10e-11 3.89e-11 
20   7   5  1.74e-10 1.75e-10 1.72e-10 1.63e-10 1.55e-10 1.46e-10 1.36e-10 1.30e-10 1.26e-10 1.23e-10 
21   7   6  1.33e-10 1.32e-10 1.30e-10 1.28e-10 1.26e-10 1.24e-10 1.22e-10 1.20e-10 1.18e-10 1.17e-10 
22   8   1  8.51e-12 8.08e-12 7.53e-12 6.57e-12 5.85e-12 5.08e-12 4.32e-12 3.89e-12 3.63e-12 3.47e-12 
23   8   2  3.65e-11 3.58e-11 3.45e-11 3.19e-11 2.98e-11 2.76e-11 2.54e-11 2.41e-11 2.34e-11 2.28e-11 
24   8   3  4.30e-11 4.16e-11 3.92e-11 3.49e-11 3.15e-11 2.78e-11 2.40e-11 2.17e-11 2.03e-11 1.93e-11 
25   8   4  1.12e-10 1.08e-10 1.04e-10 9.63e-11 9.01e-11 8.30e-11 7.52e-11 7.04e-11 6.71e-11 6.47e-11 
26   8   5  7.64e-11 7.64e-11 7.38e-11 6.80e-11 6.30e-11 5.73e-11 5.10e-11 4.70e-11 4.43e-11 4.23e-11 
27   8   6  1.89e-10 1.84e-10 1.80e-10 1.70e-10 1.61e-10 1.51e-10 1.40e-10 1.33e-10 1.29e-10 1.25e-10 
28   8   7  1.09e-10 1.15e-10 1.16e-10 1.17e-10 1.17e-10 1.17e-10 1.17e-10 1.17e-10 1.16e-10 1.15e-10 
29   9   1  7.74e-12 7.62e-12 7.30e-12 6.65e-12 6.14e-12 5.63e-12 5.17e-12 4.94e-12 4.83e-12 4.77e-12 
30   9   2  1.84e-11 1.78e-11 1.69e-11 1.52e-11 1.38e-11 1.22e-11 1.06e-11 9.60e-12 8.99e-12 8.58e-12 
31   9   3  4.57e-11 4.46e-11 4.32e-11 4.02e-11 3.77e-11 3.50e-11 3.21e-11 3.05e-11 2.94e-11 2.88e-11 
32   9   4  4.53e-11 4.43e-11 4.24e-11 3.86e-11 3.55e-11 3.20e-11 2.82e-11 2.59e-11 2.44e-11 2.33e-11 
33   9   5  1.20e-10 1.14e-10 1.10e-10 1.02e-10 9.52e-11 8.77e-11 7.94e-11 7.43e-11 7.07e-11 6.81e-11 
34   9   6  7.24e-11 7.28e-11 7.10e-11 6.66e-11 6.26e-11 5.79e-11 5.27e-11 4.92e-11 4.68e-11 4.50e-11 
35   9   7  2.01e-10 1.94e-10 1.88e-10 1.76e-10 1.66e-10 1.55e-10 1.43e-10 1.35e-10 1.31e-10 1.27e-10 
36   9   8  9.52e-11 1.03e-10 1.06e-10 1.08e-10 1.09e-10 1.11e-10 1.12e-10 1.12e-10 1.12e-10 1.11e-10 
37  10   1  4.80e-12 4.68e-12 4.47e-12 4.06e-12 3.70e-12 3.30e-12 2.86e-12 2.60e-12 2.43e-12 2.31e-12 
38  10   2  1.80e-11 1.75e-11 1.67e-11 1.52e-11 1.40e-11 1.28e-11 1.16e-11 1.10e-11 1.07e-11 1.05e-11 
39  10   3  2.36e-11 2.32e-11 2.24e-11 2.06e-11 1.89e-11 1.71e-11 1.50e-11 1.38e-11 1.30e-11 1.24e-11 
40  10   4  4.88e-11 4.81e-11 4.68e-11 4.40e-11 4.17e-11 3.89e-11 3.60e-11 3.42e-11 3.31e-11 3.23e-11 
41  10   5  4.38e-11 4.37e-11 4.25e-11 3.97e-11 3.72e-11 3.42e-11 3.08e-11 2.87e-11 2.72e-11 2.62e-11 
42  10   6  1.22e-10 1.17e-10 1.12e-10 1.04e-10 9.73e-11 8.98e-11 8.16e-11 7.65e-11 7.29e-11 7.03e-11 
43  10   7  6.61e-11 6.76e-11 6.70e-11 6.41e-11 6.11e-11 5.73e-11 5.29e-11 5.00e-11 4.79e-11 4.63e-11 
44  10   8  2.05e-10 1.99e-10 1.92e-10 1.80e-10 1.69e-10 1.57e-10 1.45e-10 1.37e-10 1.32e-10 1.29e-10 
45  10   9  8.80e-11 9.50e-11 9.82e-11 1.01e-10 1.02e-10 1.04e-10 1.06e-10 1.07e-10 1.07e-10 1.07e-10 
46  11   1  5.31e-12 4.92e-12 4.56e-12 4.01e-12 3.61e-12 3.21e-12 2.84e-12 2.64e-12 2.53e-12 2.46e-12 
47  11   2  1.25e-11 1.20e-11 1.14e-11 1.03e-11 9.48e-12 8.51e-12 7.45e-12 6.80e-12 6.36e-12 6.05e-12 
48  11   3  2.34e-11 2.28e-11 2.18e-11 2.00e-11 1.86e-11 1.71e-11 1.57e-11 1.49e-11 1.45e-11 1.42e-11 
49  11   4  2.59e-11 2.58e-11 2.51e-11 2.35e-11 2.19e-11 2.01e-11 1.80e-11 1.67e-11 1.58e-11 1.52e-11 
50  11   5  4.95e-11 4.91e-11 4.81e-11 4.57e-11 4.36e-11 4.12e-11 3.85e-11 3.69e-11 3.58e-11 3.50e-11 
51  11   6  3.86e-11 4.03e-11 4.04e-11 3.89e-11 3.70e-11 3.46e-11 3.18e-11 3.00e-11 2.87e-11 2.78e-11 
52  11   7  1.21e-10 1.16e-10 1.12e-10 1.04e-10 9.81e-11 9.10e-11 8.32e-11 7.82e-11 7.47e-11 7.21e-11 
53  11   8  5.67e-11 6.06e-11 6.17e-11 6.08e-11 5.87e-11 5.58e-11 5.21e-11 4.97e-11 4.80e-11 4.66e-11 
54  11   9  2.04e-10 1.99e-10 1.92e-10 1.80e-10 1.70e-10 1.58e-10 1.46e-10 1.38e-10 1.33e-10 1.29e-10 
55  11  10  8.32e-11 8.94e-11 9.29e-11 9.60e-11 9.75e-11 9.90e-11 1.01e-10 1.02e-10 1.03e-10 1.03e-10 
! COMMENTS:
! c031507.cat                                                             
! Q(300)=    122.3352
! NOTE: new number of lines =   10
! Degrees of freedom in partition fn.=  2
! MOLTAG =   31507
! Quantum number code: 1202
! NOTE: A-values from database have been scaled by 1.000E+00 to account for revised dipole moment-squared
