! MOLECULE
SiO rotation spectrum from CDMS (version Jan 2014) 
! MOLECULAR WEIGHT
   44.1   
! NUMBER OF ENERGY LEVELS
          21
!LEVEL + ENERGIES(cm^-1) + WEIGHT + J quantum number
    1     0.000000000   1.0   00 
    2     1.448463824   3.0   01 
    3     4.345403597   5.0   02  
    4     8.690695538   7.0   03 
    5    14.484315996   9.0   04 
    6    21.726140587  11.0   05 
    7    30.416045395  13.0   06 
    8    40.554007205  15.0   07 
    9    52.139701099  17.0   08  
   10    65.173004227  19.0   09 
   11    79.653691772  21.0   10  
   12    95.581540153  23.0   11  
   13   112.956226185  25.0   12 
   14   131.777523984  27.0   13  
   15   152.045211902  29.0   14  
   16   173.758764589  31.0   15  
   17   196.917858794  33.0   16 
   18   221.522270201  35.0   17 
   19   247.571475927  37.0   18 
   20   275.064950221  39.0   19     
   21   304.002470662  41.0   20     
! NUMBER OF RADIATIVE TRANSITIONS
          20
! TRANS + U + L + A(s^-1) + FREQ(GHz) + E_u/k(K)
     1     2     1  3.049E-06          43.42385300     2.08     
     2     3     2  2.927E-05          86.84698500     6.25     
     3     4     3  1.058E-04         130.26868300    12.50     
     4     5     4  2.602E-04         173.68823800    20.84     
     5     6     5  5.197E-04         217.10491900    31.26     
     6     7     6  9.118E-04         260.51800900    43.76     
     7     8     7  1.464E-03         303.92681200    58.35    
     8     9     8  2.204E-03         347.33058100    75.02    
     9    10     9  3.158E-03         390.72863100    93.77     
    10    11    10  4.354E-03         434.12021800   114.60     
    11    12    11  5.821E-03         477.50463500   137.52     
    12    13    12  7.582E-03         520.88118700   162.52     
    13    14    13  9.669E-03         564.24909800   189.60     
    14    15    14  1.211E-02         607.60771900   218.76    
    15    16    15  1.493E-02         650.95629000   250.00    
    16    17    16  1.815E-02         694.29411400   283.32    
    17    18    17  2.180E-02         737.62046200   318.72    
    18    19    18  2.592E-02         780.93464800   356.20    
    19    20    19  3.052E-02         824.23590000   395.76    
    20    21    20  3.564E-02         867.52354580   437.39    
! NUMBER OF COLLISION PARTNERS
2
! COLLISION PARTNER 
2 SiO-pH2 from Balanca C. et al 2018, MNRAS
! NUMBER OF COLLISIONAL TRANSITIONS
210
! NUMBER OF COLLISIONAL TEMPERATURES
17
! COLLISIONAL TEMPERATURES
    5.0    10.0    20.0    30.0    40.0    50.0    60.0    70.0    80.0    90.0   100.0   120.0   150.0   170.0   200.0   250.0   300.0
! TRANS+ UP+ LOW+ COLLRATES(cm^3 s^-1)
    1    2    1   1.412E-10   1.338E-10   1.311E-10   1.296E-10   1.275E-10   1.250E-10   1.223E-10   1.198E-10   1.174E-10   1.151E-10   1.129E-10   1.091E-10   1.043E-10   1.016E-10   9.826E-11   9.387E-11   9.054E-11
    2    3    1   4.812E-11   4.587E-11   4.258E-11   4.053E-11   3.912E-11   3.815E-11   3.751E-11   3.710E-11   3.687E-11   3.676E-11   3.674E-11   3.688E-11   3.727E-11   3.758E-11   3.803E-11   3.870E-11   3.924E-11
    3    3    2   2.008E-10   1.970E-10   1.941E-10   1.926E-10   1.906E-10   1.882E-10   1.858E-10   1.834E-10   1.810E-10   1.788E-10   1.767E-10   1.728E-10   1.679E-10   1.650E-10   1.614E-10   1.564E-10   1.525E-10
    4    4    1   1.941E-11   1.978E-11   2.014E-11   2.068E-11   2.123E-11   2.175E-11   2.221E-11   2.261E-11   2.295E-11   2.324E-11   2.349E-11   2.389E-11   2.427E-11   2.444E-11   2.460E-11   2.470E-11   2.470E-11
    5    4    2   7.211E-11   7.057E-11   6.557E-11   6.258E-11   6.063E-11   5.930E-11   5.839E-11   5.780E-11   5.744E-11   5.726E-11   5.722E-11   5.741E-11   5.811E-11   5.870E-11   5.964E-11   6.117E-11   6.252E-11
    6    4    3   1.992E-10   2.076E-10   2.069E-10   2.048E-10   2.024E-10   1.999E-10   1.975E-10   1.953E-10   1.932E-10   1.913E-10   1.896E-10   1.865E-10   1.827E-10   1.806E-10   1.778E-10   1.742E-10   1.712E-10
    7    5    1   7.918E-12   7.762E-12   7.388E-12   7.143E-12   6.937E-12   6.748E-12   6.578E-12   6.431E-12   6.308E-12   6.212E-12   6.141E-12   6.067E-12   6.093E-12   6.171E-12   6.345E-12   6.699E-12   7.064E-12
    8    5    2   3.519E-11   3.510E-11   3.468E-11   3.527E-11   3.624E-11   3.732E-11   3.841E-11   3.946E-11   4.043E-11   4.133E-11   4.216E-11   4.360E-11   4.530E-11   4.620E-11   4.727E-11   4.852E-11   4.932E-11
    9    5    3   7.857E-11   7.804E-11   7.215E-11   6.875E-11   6.681E-11   6.569E-11   6.506E-11   6.476E-11   6.468E-11   6.477E-11   6.497E-11   6.558E-11   6.677E-11   6.764E-11   6.894E-11   7.098E-11   7.279E-11
   10    5    4   1.959E-10   2.106E-10   2.134E-10   2.114E-10   2.084E-10   2.054E-10   2.026E-10   2.000E-10   1.977E-10   1.956E-10   1.938E-10   1.906E-10   1.869E-10   1.850E-10   1.826E-10   1.795E-10   1.772E-10
   11    6    1   3.084E-12   3.137E-12   3.262E-12   3.549E-12   3.913E-12   4.307E-12   4.708E-12   5.102E-12   5.482E-12   5.844E-12   6.186E-12   6.807E-12   7.592E-12   8.031E-12   8.584E-12   9.286E-12   9.791E-12
   12    6    2   1.352E-11   1.386E-11   1.351E-11   1.322E-11   1.302E-11   1.286E-11   1.273E-11   1.263E-11   1.255E-11   1.251E-11   1.249E-11   1.254E-11   1.277E-11   1.302E-11   1.346E-11   1.430E-11   1.515E-11
   13    6    3   4.146E-11   4.194E-11   4.162E-11   4.215E-11   4.307E-11   4.416E-11   4.528E-11   4.640E-11   4.747E-11   4.849E-11   4.945E-11   5.120E-11   5.340E-11   5.463E-11   5.618E-11   5.817E-11   5.960E-11
   14    6    4   7.931E-11   7.929E-11   7.422E-11   7.114E-11   6.939E-11   6.842E-11   6.796E-11   6.782E-11   6.793E-11   6.819E-11   6.856E-11   6.951E-11   7.115E-11   7.228E-11   7.392E-11   7.643E-11   7.861E-11
   15    6    5   2.024E-10   2.156E-10   2.190E-10   2.167E-10   2.133E-10   2.098E-10   2.065E-10   2.035E-10   2.008E-10   1.984E-10   1.963E-10   1.927E-10   1.886E-10   1.865E-10   1.840E-10   1.809E-10   1.787E-10
   16    7    1   1.596E-12   1.734E-12   1.853E-12   1.960E-12   2.067E-12   2.166E-12   2.256E-12   2.334E-12   2.403E-12   2.463E-12   2.517E-12   2.612E-12   2.738E-12   2.820E-12   2.945E-12   3.161E-12   3.377E-12
   17    7    2   5.768E-12   5.923E-12   6.235E-12   6.769E-12   7.430E-12   8.157E-12   8.913E-12   9.673E-12   1.042E-11   1.115E-11   1.186E-11   1.318E-11   1.493E-11   1.595E-11   1.728E-11   1.907E-11   2.042E-11
   18    7    3   1.562E-11   1.598E-11   1.571E-11   1.546E-11   1.528E-11   1.514E-11   1.504E-11   1.500E-11   1.499E-11   1.502E-11   1.510E-11   1.534E-11   1.588E-11   1.632E-11   1.705E-11   1.834E-11   1.959E-11
   19    7    4   4.512E-11   4.646E-11   4.678E-11   4.742E-11   4.829E-11   4.927E-11   5.027E-11   5.127E-11   5.223E-11   5.315E-11   5.403E-11   5.565E-11   5.776E-11   5.897E-11   6.055E-11   6.267E-11   6.429E-11
   20    7    5   7.716E-11   7.774E-11   7.399E-11   7.159E-11   7.021E-11   6.948E-11   6.918E-11   6.918E-11   6.939E-11   6.975E-11   7.021E-11   7.134E-11   7.323E-11   7.452E-11   7.639E-11   7.925E-11   8.175E-11
   21    7    6   1.966E-10   2.122E-10   2.181E-10   2.172E-10   2.144E-10   2.111E-10   2.078E-10   2.048E-10   2.021E-10   1.997E-10   1.975E-10   1.937E-10   1.894E-10   1.871E-10   1.844E-10   1.812E-10   1.789E-10
   22    8    1   7.464E-13   7.621E-13   8.012E-13   8.742E-13   9.744E-13   1.095E-12   1.230E-12   1.374E-12   1.525E-12   1.679E-12   1.835E-12   2.142E-12   2.580E-12   2.851E-12   3.222E-12   3.749E-12   4.174E-12
   23    8    2   3.255E-12   3.458E-12   3.647E-12   3.835E-12   4.041E-12   4.252E-12   4.461E-12   4.661E-12   4.851E-12   5.031E-12   5.201E-12   5.518E-12   5.951E-12   6.224E-12   6.619E-12   7.253E-12   7.853E-12
   24    8    3   7.577E-12   7.778E-12   8.229E-12   8.851E-12   9.590E-12   1.040E-11   1.124E-11   1.209E-11   1.294E-11   1.377E-11   1.458E-11   1.611E-11   1.819E-11   1.943E-11   2.108E-11   2.336E-11   2.516E-11
   25    8    4   1.761E-11   1.809E-11   1.791E-11   1.758E-11   1.726E-11   1.698E-11   1.677E-11   1.662E-11   1.655E-11   1.654E-11   1.658E-11   1.681E-11   1.744E-11   1.797E-11   1.887E-11   2.045E-11   2.200E-11
   26    8    5   5.059E-11   5.219E-11   5.289E-11   5.341E-11   5.403E-11   5.473E-11   5.547E-11   5.623E-11   5.698E-11   5.771E-11   5.841E-11   5.972E-11   6.147E-11   6.250E-11   6.387E-11   6.576E-11   6.725E-11
   27    8    6   7.624E-11   7.747E-11   7.441E-11   7.238E-11   7.121E-11   7.060E-11   7.037E-11   7.042E-11   7.067E-11   7.106E-11   7.155E-11   7.271E-11   7.465E-11   7.598E-11   7.791E-11   8.089E-11   8.352E-11
   28    8    7   1.892E-10   2.096E-10   2.175E-10   2.173E-10   2.149E-10   2.118E-10   2.087E-10   2.057E-10   2.030E-10   2.005E-10   1.983E-10   1.944E-10   1.900E-10   1.876E-10   1.848E-10   1.814E-10   1.790E-10
   29    9    1   4.309E-13   4.535E-13   4.922E-13   5.395E-13   5.963E-13   6.602E-13   7.282E-13   7.982E-13   8.684E-13   9.376E-13   1.005E-12   1.133E-12   1.306E-12   1.410E-12   1.554E-12   1.766E-12   1.954E-12
   30    9    2   1.467E-12   1.487E-12   1.565E-12   1.698E-12   1.879E-12   2.098E-12   2.348E-12   2.620E-12   2.908E-12   3.207E-12   3.513E-12   4.130E-12   5.038E-12   5.616E-12   6.427E-12   7.623E-12   8.630E-12
   31    9    3   4.410E-12   4.552E-12   4.752E-12   4.936E-12   5.134E-12   5.345E-12   5.561E-12   5.777E-12   5.991E-12   6.202E-12   6.410E-12   6.820E-12   7.424E-12   7.824E-12   8.418E-12   9.385E-12   1.030E-11
   32    9    4   9.805E-12   9.869E-12   1.034E-11   1.099E-11   1.175E-11   1.256E-11   1.341E-11   1.427E-11   1.513E-11   1.597E-11   1.679E-11   1.835E-11   2.048E-11   2.175E-11   2.347E-11   2.587E-11   2.781E-11
   33    9    5   2.078E-11   2.079E-11   2.050E-11   2.000E-11   1.947E-11   1.900E-11   1.861E-11   1.832E-11   1.812E-11   1.800E-11   1.796E-11   1.806E-11   1.858E-11   1.908E-11   1.998E-11   2.165E-11   2.334E-11
   34    9    6   5.895E-11   5.879E-11   5.850E-11   5.867E-11   5.905E-11   5.954E-11   6.009E-11   6.066E-11   6.123E-11   6.180E-11   6.235E-11   6.340E-11   6.481E-11   6.565E-11   6.679E-11   6.837E-11   6.964E-11
   35    9    7   7.710E-11   7.861E-11   7.566E-11   7.354E-11   7.231E-11   7.167E-11   7.144E-11   7.149E-11   7.175E-11   7.215E-11   7.264E-11   7.381E-11   7.575E-11   7.707E-11   7.899E-11   8.197E-11   8.462E-11
   36    9    8   1.929E-10   2.112E-10   2.189E-10   2.187E-10   2.162E-10   2.130E-10   2.098E-10   2.068E-10   2.040E-10   2.014E-10   1.991E-10   1.952E-10   1.906E-10   1.882E-10   1.853E-10   1.818E-10   1.793E-10
   37   10    1   1.417E-13   1.509E-13   1.662E-13   1.861E-13   2.124E-13   2.453E-13   2.843E-13   3.289E-13   3.783E-13   4.317E-13   4.883E-13   6.086E-13   7.984E-13   9.262E-13   1.115E-12   1.409E-12   1.673E-12
   38   10    2   7.936E-13   8.433E-13   9.269E-13   1.020E-12   1.129E-12   1.253E-12   1.389E-12   1.533E-12   1.681E-12   1.832E-12   1.983E-12   2.282E-12   2.711E-12   2.983E-12   3.367E-12   3.953E-12   4.480E-12
   39   10    3   1.872E-12   1.954E-12   2.102E-12   2.279E-12   2.498E-12   2.759E-12   3.052E-12   3.372E-12   3.711E-12   4.064E-12   4.425E-12   5.159E-12   6.250E-12   6.952E-12   7.949E-12   9.444E-12   1.073E-11
   40   10    4   5.254E-12   5.427E-12   5.692E-12   5.888E-12   6.075E-12   6.264E-12   6.457E-12   6.651E-12   6.846E-12   7.042E-12   7.239E-12   7.641E-12   8.267E-12   8.700E-12   9.368E-12   1.050E-11   1.160E-11
   41   10    5   1.159E-11   1.182E-11   1.249E-11   1.321E-11   1.399E-11   1.480E-11   1.565E-11   1.649E-11   1.733E-11   1.816E-11   1.896E-11   2.049E-11   2.257E-11   2.382E-11   2.551E-11   2.788E-11   2.980E-11
   42   10    6   2.211E-11   2.197E-11   2.160E-11   2.110E-11   2.055E-11   2.005E-11   1.963E-11   1.929E-11   1.905E-11   1.890E-11   1.882E-11   1.887E-11   1.932E-11   1.980E-11   2.068E-11   2.235E-11   2.408E-11
   43   10    7   6.263E-11   6.308E-11   6.351E-11   6.380E-11   6.407E-11   6.437E-11   6.472E-11   6.510E-11   6.549E-11   6.588E-11   6.628E-11   6.704E-11   6.810E-11   6.875E-11   6.963E-11   7.089E-11   7.190E-11
   44   10    8   7.262E-11   7.603E-11   7.499E-11   7.352E-11   7.257E-11   7.208E-11   7.195E-11   7.208E-11   7.239E-11   7.283E-11   7.336E-11   7.458E-11   7.656E-11   7.789E-11   7.981E-11   8.277E-11   8.540E-11
   45   10    9   1.855E-10   2.033E-10   2.144E-10   2.162E-10   2.148E-10   2.123E-10   2.094E-10   2.066E-10   2.040E-10   2.016E-10   1.994E-10   1.955E-10   1.909E-10   1.885E-10   1.856E-10   1.820E-10   1.795E-10
   46   11    1   6.911E-14   7.864E-14   9.269E-14   1.080E-13   1.268E-13   1.496E-13   1.763E-13   2.066E-13   2.399E-13   2.757E-13   3.134E-13   3.928E-13   5.159E-13   5.977E-13   7.170E-13   9.028E-13   1.071E-12
   47   11    2   2.510E-13   2.816E-13   3.202E-13   3.606E-13   4.110E-13   4.732E-13   5.471E-13   6.320E-13   7.266E-13   8.298E-13   9.403E-13   1.178E-12   1.562E-12   1.827E-12   2.224E-12   2.863E-12   3.451E-12
   48   11    3   1.024E-12   1.116E-12   1.238E-12   1.354E-12   1.484E-12   1.629E-12   1.787E-12   1.955E-12   2.129E-12   2.307E-12   2.488E-12   2.852E-12   3.391E-12   3.743E-12   4.257E-12   5.069E-12   5.824E-12
   49   11    4   2.184E-12   2.394E-12   2.646E-12   2.871E-12   3.125E-12   3.415E-12   3.738E-12   4.086E-12   4.454E-12   4.835E-12   5.225E-12   6.015E-12   7.188E-12   7.943E-12   9.017E-12   1.064E-11   1.204E-11
   50   11    5   5.813E-12   6.162E-12   6.545E-12   6.771E-12   6.953E-12   7.124E-12   7.294E-12   7.463E-12   7.634E-12   7.807E-12   7.983E-12   8.348E-12   8.938E-12   9.359E-12   1.003E-11   1.119E-11   1.237E-11
   51   11    6   1.254E-11   1.340E-11   1.451E-11   1.538E-11   1.620E-11   1.703E-11   1.786E-11   1.869E-11   1.952E-11   2.032E-11   2.110E-11   2.259E-11   2.460E-11   2.581E-11   2.743E-11   2.971E-11   3.156E-11
   52   11    7   2.151E-11   2.212E-11   2.227E-11   2.193E-11   2.143E-11   2.092E-11   2.048E-11   2.012E-11   1.986E-11   1.968E-11   1.958E-11   1.959E-11   2.000E-11   2.045E-11   2.130E-11   2.293E-11   2.464E-11
   53   11    8   6.151E-11   6.457E-11   6.715E-11   6.813E-11   6.856E-11   6.883E-11   6.906E-11   6.929E-11   6.953E-11   6.978E-11   7.003E-11   7.054E-11   7.127E-11   7.173E-11   7.237E-11   7.331E-11   7.408E-11
   54   11    9   6.665E-11   7.214E-11   7.328E-11   7.271E-11   7.221E-11   7.200E-11   7.204E-11   7.229E-11   7.270E-11   7.321E-11   7.380E-11   7.510E-11   7.715E-11   7.851E-11   8.045E-11   8.341E-11   8.601E-11
   55   11   10   1.710E-10   1.918E-10   2.079E-10   2.123E-10   2.122E-10   2.105E-10   2.082E-10   2.058E-10   2.034E-10   2.011E-10   1.990E-10   1.953E-10   1.909E-10   1.886E-10   1.857E-10   1.822E-10   1.796E-10
   56   12    1   2.015E-14   2.429E-14   2.982E-14   3.541E-14   4.229E-14   5.093E-14   6.154E-14   7.419E-14   8.886E-14   1.055E-13   1.239E-13   1.655E-13   2.374E-13   2.897E-13   3.720E-13   5.124E-13   6.497E-13
   57   12    2   1.328E-13   1.533E-13   1.817E-13   2.110E-13   2.463E-13   2.893E-13   3.402E-13   3.985E-13   4.637E-13   5.350E-13   6.115E-13   7.768E-13   1.045E-12   1.230E-12   1.509E-12   1.963E-12   2.391E-12
   58   12    3   3.401E-13   3.896E-13   4.468E-13   5.003E-13   5.640E-13   6.411E-13   7.319E-13   8.356E-13   9.510E-13   1.077E-12   1.211E-12   1.502E-12   1.972E-12   2.297E-12   2.790E-12   3.591E-12   4.339E-12
   59   12    4   1.304E-12   1.428E-12   1.578E-12   1.710E-12   1.851E-12   2.006E-12   2.175E-12   2.352E-12   2.536E-12   2.724E-12   2.915E-12   3.299E-12   3.872E-12   4.250E-12   4.810E-12   5.718E-12   6.585E-12
   60   12    5   2.583E-12   2.902E-12   3.241E-12   3.510E-12   3.794E-12   4.108E-12   4.454E-12   4.824E-12   5.213E-12   5.614E-12   6.024E-12   6.850E-12   8.071E-12   8.854E-12   9.967E-12   1.164E-11   1.309E-11
   61   12    6   6.506E-12   7.004E-12   7.479E-12   7.716E-12   7.876E-12   8.016E-12   8.152E-12   8.289E-12   8.430E-12   8.575E-12   8.725E-12   9.047E-12   9.585E-12   9.980E-12   1.062E-11   1.176E-11   1.294E-11
   62   12    7   1.371E-11   1.512E-11   1.660E-11   1.759E-11   1.845E-11   1.927E-11   2.009E-11   2.090E-11   2.170E-11   2.247E-11   2.323E-11   2.466E-11   2.659E-11   2.775E-11   2.930E-11   3.147E-11   3.323E-11
   63   12    8   2.085E-11   2.234E-11   2.301E-11   2.281E-11   2.234E-11   2.182E-11   2.134E-11   2.095E-11   2.066E-11   2.045E-11   2.032E-11   2.029E-11   2.066E-11   2.109E-11   2.191E-11   2.350E-11   2.517E-11
   64   12    9   6.143E-11   6.664E-11   7.059E-11   7.199E-11   7.251E-11   7.275E-11   7.289E-11   7.301E-11   7.313E-11   7.325E-11   7.339E-11   7.368E-11   7.414E-11   7.444E-11   7.488E-11   7.554E-11   7.609E-11
   65   12   10   6.059E-11   6.882E-11   7.223E-11   7.237E-11   7.218E-11   7.213E-11   7.227E-11   7.259E-11   7.304E-11   7.359E-11   7.421E-11   7.555E-11   7.765E-11   7.902E-11   8.098E-11   8.394E-11   8.652E-11
   66   12   11   1.606E-10   1.838E-10   2.037E-10   2.098E-10   2.107E-10   2.095E-10   2.075E-10   2.052E-10   2.030E-10   2.008E-10   1.988E-10   1.953E-10   1.910E-10   1.886E-10   1.858E-10   1.823E-10   1.797E-10
   67   13    1   1.003E-14   1.234E-14   1.573E-14   1.929E-14   2.377E-14   2.957E-14   3.693E-14   4.598E-14   5.677E-14   6.930E-14   8.352E-14   1.166E-13   1.758E-13   2.200E-13   2.906E-13   4.133E-13   5.347E-13
   68   13    2   4.129E-14   4.975E-14   6.100E-14   7.191E-14   8.508E-14   1.016E-13   1.218E-13   1.461E-13   1.744E-13   2.066E-13   2.427E-13   3.252E-13   4.704E-13   5.779E-13   7.499E-13   1.050E-12   1.351E-12
   69   13    3   1.956E-13   2.232E-13   2.610E-13   2.986E-13   3.430E-13   3.963E-13   4.588E-13   5.302E-13   6.098E-13   6.966E-13   7.898E-13   9.920E-13   1.323E-12   1.555E-12   1.911E-12   2.506E-12   3.082E-12
   70   13    4   4.527E-13   5.177E-13   5.916E-13   6.565E-13   7.310E-13   8.198E-13   9.234E-13   1.041E-12   1.171E-12   1.312E-12   1.463E-12   1.786E-12   2.308E-12   2.668E-12   3.213E-12   4.100E-12   4.932E-12
   71   13    5   1.636E-12   1.780E-12   1.951E-12   2.093E-12   2.241E-12   2.403E-12   2.577E-12   2.760E-12   2.950E-12   3.143E-12   3.338E-12   3.730E-12   4.314E-12   4.700E-12   5.271E-12   6.207E-12   7.113E-12
   72   13    6   3.087E-12   3.488E-12   3.899E-12   4.205E-12   4.512E-12   4.846E-12   5.209E-12   5.596E-12   6.000E-12   6.417E-12   6.841E-12   7.693E-12   8.946E-12   9.747E-12   1.088E-11   1.258E-11   1.405E-11
   73   13    7   7.325E-12   7.880E-12   8.385E-12   8.615E-12   8.749E-12   8.856E-12   8.959E-12   9.064E-12   9.175E-12   9.294E-12   9.421E-12   9.703E-12   1.020E-11   1.057E-11   1.118E-11   1.229E-11   1.344E-11
   74   13    8   1.532E-11   1.706E-11   1.873E-11   1.978E-11   2.066E-11   2.147E-11   2.227E-11   2.306E-11   2.382E-11   2.457E-11   2.530E-11   2.667E-11   2.851E-11   2.962E-11   3.110E-11   3.316E-11   3.482E-11
   75   13    9   2.062E-11   2.271E-11   2.370E-11   2.354E-11   2.305E-11   2.250E-11   2.200E-11   2.158E-11   2.126E-11   2.104E-11   2.090E-11   2.085E-11   2.120E-11   2.162E-11   2.243E-11   2.400E-11   2.564E-11
   76   13   10   6.251E-11   6.910E-11   7.400E-11   7.563E-11   7.617E-11   7.634E-11   7.639E-11   7.639E-11   7.640E-11   7.642E-11   7.645E-11   7.656E-11   7.677E-11   7.693E-11   7.719E-11   7.761E-11   7.796E-11
   77   13   11   5.530E-11   6.622E-11   7.178E-11   7.251E-11   7.250E-11   7.251E-11   7.267E-11   7.300E-11   7.345E-11   7.401E-11   7.462E-11   7.597E-11   7.808E-11   7.945E-11   8.141E-11   8.437E-11   8.694E-11
   78   13   12   1.510E-10   1.770E-10   2.002E-10   2.078E-10   2.093E-10   2.085E-10   2.068E-10   2.047E-10   2.026E-10   2.005E-10   1.986E-10   1.952E-10   1.909E-10   1.887E-10   1.859E-10   1.824E-10   1.799E-10
   79   14    1   3.376E-15   4.300E-15   5.659E-15   6.995E-15   8.633E-15   1.074E-14   1.345E-14   1.683E-14   2.095E-14   2.583E-14   3.151E-14   4.517E-14   7.102E-14   9.129E-14   1.253E-13   1.881E-13   2.545E-13
   80   14    2   2.110E-14   2.567E-14   3.245E-14   3.933E-14   4.787E-14   5.886E-14   7.280E-14   9.003E-14   1.107E-13   1.350E-13   1.628E-13   2.287E-13   3.502E-13   4.437E-13   5.975E-13   8.755E-13   1.162E-12
   81   14    3   6.350E-14   7.481E-14   9.017E-14   1.046E-13   1.216E-13   1.427E-13   1.683E-13   1.989E-13   2.343E-13   2.746E-13   3.195E-13   4.221E-13   6.028E-13   7.372E-13   9.530E-13   1.334E-12   1.718E-12
   82   14    4   2.742E-13   3.061E-13   3.521E-13   3.971E-13   4.493E-13   5.113E-13   5.833E-13   6.649E-13   7.551E-13   8.529E-13   9.573E-13   1.182E-12   1.548E-12   1.804E-12   2.197E-12   2.858E-12   3.506E-12
   83   14    5   5.922E-13   6.668E-13   7.557E-13   8.314E-13   9.160E-13   1.015E-12   1.131E-12   1.261E-12   1.404E-12   1.558E-12   1.722E-12   2.073E-12   2.634E-12   3.020E-12   3.600E-12   4.542E-12   5.424E-12
   84   14    6   2.033E-12   2.165E-12   2.339E-12   2.486E-12   2.639E-12   2.805E-12   2.983E-12   3.170E-12   3.363E-12   3.560E-12   3.758E-12   4.155E-12   4.745E-12   5.134E-12   5.709E-12   6.651E-12   7.565E-12
   85   14    7   3.721E-12   4.145E-12   4.596E-12   4.929E-12   5.255E-12   5.605E-12   5.983E-12   6.384E-12   6.801E-12   7.230E-12   7.665E-12   8.538E-12   9.815E-12   1.063E-11   1.177E-11   1.349E-11   1.496E-11
   86   14    8   8.263E-12   8.753E-12   9.204E-12   9.397E-12   9.500E-12   9.577E-12   9.651E-12   9.731E-12   9.819E-12   9.918E-12   1.003E-11   1.028E-11   1.074E-11   1.110E-11   1.169E-11   1.278E-11   1.391E-11
   87   14    9   1.747E-11   1.922E-11   2.094E-11   2.200E-11   2.286E-11   2.365E-11   2.441E-11   2.517E-11   2.590E-11   2.662E-11   2.731E-11   2.861E-11   3.038E-11   3.142E-11   3.283E-11   3.478E-11   3.634E-11
   88   14   10   2.037E-11   2.291E-11   2.418E-11   2.403E-11   2.351E-11   2.293E-11   2.241E-11   2.198E-11   2.165E-11   2.142E-11   2.128E-11   2.124E-11   2.159E-11   2.202E-11   2.284E-11   2.441E-11   2.605E-11
   89   14   11   6.586E-11   7.236E-11   7.759E-11   7.928E-11   7.976E-11   7.982E-11   7.975E-11   7.963E-11   7.953E-11   7.943E-11   7.936E-11   7.928E-11   7.925E-11   7.928E-11   7.937E-11   7.956E-11   7.973E-11
   90   14   12   5.222E-11   6.477E-11   7.177E-11   7.286E-11   7.293E-11   7.292E-11   7.306E-11   7.336E-11   7.380E-11   7.433E-11   7.494E-11   7.627E-11   7.836E-11   7.974E-11   8.170E-11   8.466E-11   8.722E-11
   91   14   13   1.437E-10   1.712E-10   1.969E-10   2.057E-10   2.079E-10   2.075E-10   2.060E-10   2.041E-10   2.021E-10   2.002E-10   1.983E-10   1.950E-10   1.909E-10   1.886E-10   1.859E-10   1.825E-10   1.800E-10
   92   15    1   1.495E-15   1.965E-15   2.674E-15   3.385E-15   4.288E-15   5.511E-15   7.162E-15   9.340E-15   1.213E-14   1.561E-14   1.983E-14   3.066E-14   5.295E-14   7.164E-14   1.046E-13   1.695E-13   2.414E-13
   93   15    2   7.369E-15   9.250E-15   1.200E-14   1.463E-14   1.782E-14   2.191E-14   2.713E-14   3.368E-14   4.168E-14   5.123E-14   6.239E-14   8.956E-14   1.419E-13   1.837E-13   2.549E-13   3.897E-13   5.352E-13
   94   15    3   3.323E-14   3.967E-14   4.908E-14   5.840E-14   6.975E-14   8.413E-14   1.021E-13   1.241E-13   1.504E-13   1.809E-13   2.158E-13   2.980E-13   4.495E-13   5.664E-13   7.601E-13   1.116E-12   1.489E-12
   95   15    4   9.158E-14   1.057E-13   1.250E-13   1.426E-13   1.632E-13   1.884E-13   2.188E-13   2.546E-13   2.959E-13   3.425E-13   3.942E-13   5.115E-13   7.165E-13   8.681E-13   1.111E-12   1.539E-12   1.972E-12
   96   15    5   3.690E-13   4.052E-13   4.574E-13   5.087E-13   5.680E-13   6.379E-13   7.185E-13   8.092E-13   9.090E-13   1.017E-12   1.131E-12   1.375E-12   1.768E-12   2.041E-12   2.458E-12   3.156E-12   3.841E-12
   97   15    6   7.630E-13   8.444E-13   9.421E-13   1.026E-12   1.119E-12   1.228E-12   1.353E-12   1.494E-12   1.649E-12   1.816E-12   1.992E-12   2.366E-12   2.962E-12   3.369E-12   3.978E-12   4.962E-12   5.877E-12
   98   15    7   2.487E-12   2.602E-12   2.755E-12   2.895E-12   3.045E-12   3.211E-12   3.390E-12   3.578E-12   3.773E-12   3.971E-12   4.172E-12   4.572E-12   5.166E-12   5.557E-12   6.134E-12   7.079E-12   7.992E-12
   99   15    8   4.540E-12   4.945E-12   5.379E-12   5.709E-12   6.040E-12   6.397E-12   6.783E-12   7.193E-12   7.619E-12   8.057E-12   8.500E-12   9.387E-12   1.068E-11   1.150E-11   1.265E-11   1.437E-11   1.583E-11
  100   15    9   9.464E-12   9.818E-12   1.008E-11   1.018E-11   1.022E-11   1.025E-11   1.029E-11   1.034E-11   1.040E-11   1.048E-11   1.057E-11   1.080E-11   1.123E-11   1.158E-11   1.216E-11   1.323E-11   1.435E-11
  101   15   10   2.069E-11   2.211E-11   2.353E-11   2.444E-11   2.520E-11   2.592E-11   2.662E-11   2.732E-11   2.800E-11   2.867E-11   2.932E-11   3.055E-11   3.221E-11   3.319E-11   3.451E-11   3.635E-11   3.781E-11
  102   15   11   2.158E-11   2.392E-11   2.492E-11   2.459E-11   2.395E-11   2.330E-11   2.274E-11   2.229E-11   2.195E-11   2.171E-11   2.157E-11   2.153E-11   2.190E-11   2.234E-11   2.317E-11   2.477E-11   2.641E-11
  103   15   12   7.363E-11   7.843E-11   8.236E-11   8.352E-11   8.368E-11   8.350E-11   8.322E-11   8.293E-11   8.267E-11   8.244E-11   8.224E-11   8.195E-11   8.167E-11   8.156E-11   8.148E-11   8.143E-11   8.143E-11
  104   15   13   5.065E-11   6.378E-11   7.157E-11   7.288E-11   7.299E-11   7.299E-11   7.311E-11   7.340E-11   7.382E-11   7.435E-11   7.495E-11   7.629E-11   7.839E-11   7.977E-11   8.175E-11   8.474E-11   8.732E-11
  105   15   14   1.443E-10   1.697E-10   1.952E-10   2.044E-10   2.069E-10   2.067E-10   2.054E-10   2.036E-10   2.017E-10   1.999E-10   1.980E-10   1.948E-10   1.908E-10   1.886E-10   1.859E-10   1.825E-10   1.800E-10
  106   16    1   5.629E-16   7.648E-16   1.068E-15   1.360E-15   1.720E-15   2.201E-15   2.846E-15   3.695E-15   4.786E-15   6.150E-15   7.815E-15   1.212E-14   2.113E-14   2.881E-14   4.260E-14   7.038E-14   1.020E-13
  107   16    2   3.250E-15   4.234E-15   5.685E-15   7.099E-15   8.862E-15   1.122E-14   1.439E-14   1.856E-14   2.391E-14   3.061E-14   3.877E-14   5.993E-14   1.044E-13   1.426E-13   2.114E-13   3.516E-13   5.125E-13
  108   16    3   1.181E-14   1.454E-14   1.841E-14   2.203E-14   2.631E-14   3.173E-14   3.857E-14   4.705E-14   5.734E-14   6.955E-14   8.373E-14   1.181E-13   1.841E-13   2.369E-13   3.271E-13   4.991E-13   6.866E-13
  109   16    4   4.879E-14   5.732E-14   6.947E-14   8.125E-14   9.537E-14   1.130E-13   1.349E-13   1.613E-13   1.925E-13   2.284E-13   2.692E-13   3.643E-13   5.373E-13   6.697E-13   8.880E-13   1.287E-12   1.708E-12
  110   16    5   1.259E-13   1.433E-13   1.663E-13   1.871E-13   2.111E-13   2.402E-13   2.751E-13   3.161E-13   3.629E-13   4.155E-13   4.735E-13   6.040E-13   8.298E-13   9.955E-13   1.260E-12   1.722E-12   2.188E-12
  111   16    6   4.811E-13   5.215E-13   5.781E-13   6.342E-13   6.994E-13   7.762E-13   8.646E-13   9.636E-13   1.072E-12   1.188E-12   1.311E-12   1.573E-12   1.991E-12   2.279E-12   2.716E-12   3.442E-12   4.149E-12
  112   16    7   9.615E-13   1.050E-12   1.152E-12   1.240E-12   1.340E-12   1.457E-12   1.592E-12   1.743E-12   1.908E-12   2.085E-12   2.272E-12   2.668E-12   3.294E-12   3.720E-12   4.354E-12   5.371E-12   6.312E-12
  113   16    8   2.990E-12   3.088E-12   3.205E-12   3.326E-12   3.467E-12   3.627E-12   3.803E-12   3.990E-12   4.183E-12   4.381E-12   4.581E-12   4.982E-12   5.578E-12   5.969E-12   6.548E-12   7.494E-12   8.407E-12
  114   16    9   5.480E-12   5.864E-12   6.253E-12   6.559E-12   6.879E-12   7.234E-12   7.621E-12   8.033E-12   8.463E-12   8.905E-12   9.352E-12   1.025E-11   1.155E-11   1.237E-11   1.352E-11   1.523E-11   1.669E-11
  115   16   10   1.083E-11   1.103E-11   1.104E-11   1.099E-11   1.094E-11   1.091E-11   1.091E-11   1.092E-11   1.096E-11   1.101E-11   1.109E-11   1.128E-11   1.169E-11   1.203E-11   1.259E-11   1.366E-11   1.477E-11
  116   16   11   2.442E-11   2.549E-11   2.645E-11   2.710E-11   2.770E-11   2.830E-11   2.891E-11   2.953E-11   3.014E-11   3.075E-11   3.135E-11   3.248E-11   3.402E-11   3.494E-11   3.617E-11   3.788E-11   3.924E-11
  117   16   12   2.380E-11   2.561E-11   2.598E-11   2.531E-11   2.448E-11   2.372E-11   2.308E-11   2.259E-11   2.222E-11   2.197E-11   2.183E-11   2.178E-11   2.217E-11   2.262E-11   2.346E-11   2.508E-11   2.673E-11
  118   16   13   8.340E-11   8.627E-11   8.810E-11   8.834E-11   8.796E-11   8.741E-11   8.684E-11   8.633E-11   8.587E-11   8.548E-11   8.514E-11   8.461E-11   8.406E-11   8.380E-11   8.353E-11   8.326E-11   8.307E-11
  119   16   14   5.097E-11   6.365E-11   7.153E-11   7.286E-11   7.294E-11   7.289E-11   7.298E-11   7.324E-11   7.365E-11   7.417E-11   7.476E-11   7.610E-11   7.822E-11   7.962E-11   8.162E-11   8.465E-11   8.726E-11
  120   16   15   1.539E-10   1.738E-10   1.958E-10   2.043E-10   2.067E-10   2.065E-10   2.051E-10   2.034E-10   2.015E-10   1.997E-10   1.979E-10   1.947E-10   1.907E-10   1.886E-10   1.859E-10   1.826E-10   1.801E-10
  121   17    1   2.157E-16   3.088E-16   4.489E-16   5.836E-16   7.523E-16   9.861E-16   1.316E-15   1.777E-15   2.404E-15   3.236E-15   4.309E-15   7.317E-15   1.440E-14   2.105E-14   3.402E-14   6.302E-14   9.923E-14
  122   17    2   1.231E-15   1.663E-15   2.293E-15   2.885E-15   3.602E-15   4.547E-15   5.808E-15   7.467E-15   9.598E-15   1.227E-14   1.555E-14   2.410E-14   4.231E-14   5.810E-14   8.694E-14   1.465E-13   2.160E-13
  123   17    3   5.246E-15   6.753E-15   8.885E-15   1.090E-14   1.335E-14   1.657E-14   2.083E-14   2.637E-14   3.338E-14   4.207E-14   5.259E-14   7.959E-14   1.359E-13   1.839E-13   2.709E-13   4.489E-13   6.555E-13
  124   17    4   1.736E-14   2.117E-14   2.634E-14   3.098E-14   3.639E-14   4.312E-14   5.152E-14   6.183E-14   7.420E-14   8.874E-14   1.055E-13   1.457E-13   2.221E-13   2.826E-13   3.854E-13   5.810E-13   7.938E-13
  125   17    5   6.750E-14   7.882E-14   9.410E-14   1.084E-13   1.254E-13   1.464E-13   1.721E-13   2.029E-13   2.389E-13   2.802E-13   3.266E-13   4.339E-13   6.266E-13   7.724E-13   1.011E-12   1.443E-12   1.894E-12
  126   17    6   1.644E-13   1.867E-13   2.141E-13   2.380E-13   2.654E-13   2.984E-13   3.377E-13   3.836E-13   4.358E-13   4.941E-13   5.580E-13   7.010E-13   9.462E-13   1.125E-12   1.407E-12   1.898E-12   2.390E-12
  127   17    7   6.001E-13   6.503E-13   7.128E-13   7.730E-13   8.433E-13   9.262E-13   1.021E-12   1.128E-12   1.244E-12   1.368E-12   1.499E-12   1.777E-12   2.217E-12   2.518E-12   2.973E-12   3.724E-12   4.450E-12
  128   17    8   1.163E-12   1.272E-12   1.383E-12   1.475E-12   1.580E-12   1.704E-12   1.846E-12   2.006E-12   2.181E-12   2.367E-12   2.564E-12   2.980E-12   3.632E-12   4.074E-12   4.729E-12   5.775E-12   6.737E-12
  129   17    9   3.448E-12   3.572E-12   3.671E-12   3.773E-12   3.901E-12   4.052E-12   4.222E-12   4.405E-12   4.595E-12   4.791E-12   4.989E-12   5.387E-12   5.981E-12   6.371E-12   6.951E-12   7.898E-12   8.811E-12
  130   17   10   6.351E-12   6.803E-12   7.184E-12   7.464E-12   7.769E-12   8.114E-12   8.496E-12   8.906E-12   9.335E-12   9.776E-12   1.022E-11   1.112E-11   1.242E-11   1.324E-11   1.439E-11   1.608E-11   1.752E-11
  131   17   11   1.186E-11   1.210E-11   1.197E-11   1.179E-11   1.166E-11   1.156E-11   1.151E-11   1.148E-11   1.149E-11   1.152E-11   1.157E-11   1.174E-11   1.212E-11   1.245E-11   1.300E-11   1.406E-11   1.517E-11
  132   17   12   2.756E-11   2.874E-11   2.943E-11   2.984E-11   3.026E-11   3.073E-11   3.124E-11   3.177E-11   3.231E-11   3.285E-11   3.338E-11   3.441E-11   3.582E-11   3.666E-11   3.780E-11   3.938E-11   4.062E-11
  133   17   13   2.524E-11   2.701E-11   2.697E-11   2.600E-11   2.499E-11   2.411E-11   2.341E-11   2.287E-11   2.247E-11   2.221E-11   2.205E-11   2.201E-11   2.240E-11   2.286E-11   2.372E-11   2.536E-11   2.702E-11
  134   17   14   9.022E-11   9.301E-11   9.364E-11   9.309E-11   9.220E-11   9.127E-11   9.042E-11   8.967E-11   8.902E-11   8.846E-11   8.798E-11   8.720E-11   8.637E-11   8.597E-11   8.552E-11   8.502E-11   8.465E-11
  135   17   15   5.215E-11   6.405E-11   7.171E-11   7.295E-11   7.292E-11   7.279E-11   7.282E-11   7.303E-11   7.340E-11   7.390E-11   7.448E-11   7.580E-11   7.793E-11   7.934E-11   8.136E-11   8.443E-11   8.707E-11
  136   17   16   1.607E-10   1.773E-10   1.963E-10   2.041E-10   2.063E-10   2.060E-10   2.048E-10   2.030E-10   2.012E-10   1.994E-10   1.977E-10   1.945E-10   1.906E-10   1.885E-10   1.859E-10   1.827E-10   1.802E-10
  137   18    1   8.291E-17   1.237E-16   1.855E-16   2.445E-16   3.176E-16   4.179E-16   5.589E-16   7.549E-16   1.021E-15   1.373E-15   1.827E-15   3.096E-15   6.073E-15   8.857E-15   1.427E-14   2.633E-14   4.131E-14
  138   18    2   4.749E-16   6.759E-16   9.702E-16   1.246E-15   1.584E-15   2.046E-15   2.692E-15   3.586E-15   4.800E-15   6.408E-15   8.484E-15   1.433E-14   2.829E-14   4.159E-14   6.799E-14   1.287E-13   2.068E-13
  139   18    3   2.008E-15   2.675E-15   3.613E-15   4.463E-15   5.470E-15   6.773E-15   8.483E-15   1.070E-14   1.352E-14   1.702E-14   2.127E-14   3.228E-14   5.553E-14   7.563E-14   1.124E-13   1.887E-13   2.785E-13
  140   18    4   7.848E-15   1.001E-14   1.295E-14   1.563E-14   1.883E-14   2.297E-14   2.836E-14   3.526E-14   4.391E-14   5.451E-14   6.722E-14   9.940E-14   1.654E-13   2.211E-13   3.210E-13   5.237E-13   7.577E-13
  141   18    5   2.415E-14   2.931E-14   3.600E-14   4.177E-14   4.835E-14   5.646E-14   6.647E-14   7.862E-14   9.308E-14   1.099E-13   1.292E-13   1.751E-13   2.609E-13   3.282E-13   4.418E-13   6.556E-13   8.868E-13
  142   18    6   8.951E-14   1.043E-13   1.233E-13   1.403E-13   1.602E-13   1.846E-13   2.141E-13   2.493E-13   2.901E-13   3.366E-13   3.885E-13   5.076E-13   7.191E-13   8.777E-13   1.135E-12   1.596E-12   2.073E-12
  143   18    7   2.069E-13   2.357E-13   2.687E-13   2.958E-13   3.264E-13   3.631E-13   4.067E-13   4.573E-13   5.147E-13   5.784E-13   6.481E-13   8.030E-13   1.066E-12   1.257E-12   1.556E-12   2.073E-12   2.586E-12
  144   18    8   7.253E-13   7.894E-13   8.607E-13   9.250E-13   9.997E-13   1.088E-12   1.189E-12   1.302E-12   1.425E-12   1.556E-12   1.694E-12   1.986E-12   2.445E-12   2.759E-12   3.230E-12   4.004E-12   4.746E-12
  145   18    9   1.366E-12   1.506E-12   1.634E-12   1.731E-12   1.840E-12   1.969E-12   2.118E-12   2.286E-12   2.469E-12   2.664E-12   2.869E-12   3.301E-12   3.977E-12   4.433E-12   5.107E-12   6.177E-12   7.155E-12
  146   18   10   3.861E-12   4.037E-12   4.142E-12   4.229E-12   4.343E-12   4.485E-12   4.647E-12   4.823E-12   5.009E-12   5.200E-12   5.395E-12   5.788E-12   6.376E-12   6.765E-12   7.343E-12   8.290E-12   9.201E-12
  147   18   11   7.156E-12   7.731E-12   8.150E-12   8.414E-12   8.701E-12   9.033E-12   9.406E-12   9.810E-12   1.023E-11   1.067E-11   1.112E-11   1.200E-11   1.330E-11   1.411E-11   1.525E-11   1.693E-11   1.834E-11
  148   18   12   1.257E-11   1.297E-11   1.281E-11   1.255E-11   1.233E-11   1.218E-11   1.208E-11   1.202E-11   1.200E-11   1.200E-11   1.204E-11   1.218E-11   1.253E-11   1.284E-11   1.339E-11   1.444E-11   1.554E-11
  149   18   13   3.013E-11   3.168E-11   3.234E-11   3.257E-11   3.284E-11   3.317E-11   3.357E-11   3.401E-11   3.447E-11   3.493E-11   3.540E-11   3.632E-11   3.759E-11   3.836E-11   3.939E-11   4.084E-11   4.197E-11
  150   18   14   2.588E-11   2.785E-11   2.772E-11   2.657E-11   2.543E-11   2.446E-11   2.370E-11   2.312E-11   2.271E-11   2.243E-11   2.227E-11   2.222E-11   2.262E-11   2.309E-11   2.396E-11   2.562E-11   2.729E-11
  151   18   15   9.439E-11   9.805E-11   9.845E-11   9.744E-11   9.617E-11   9.494E-11   9.383E-11   9.287E-11   9.204E-11   9.132E-11   9.070E-11   8.969E-11   8.860E-11   8.805E-11   8.743E-11   8.670E-11   8.617E-11
  152   18   16   5.353E-11   6.450E-11   7.190E-11   7.306E-11   7.293E-11   7.270E-11   7.264E-11   7.280E-11   7.312E-11   7.358E-11   7.414E-11   7.544E-11   7.755E-11   7.897E-11   8.101E-11   8.411E-11   8.679E-11
  153   18   17   1.637E-10   1.783E-10   1.955E-10   2.030E-10   2.052E-10   2.051E-10   2.040E-10   2.024E-10   2.006E-10   1.989E-10   1.972E-10   1.942E-10   1.904E-10   1.884E-10   1.858E-10   1.826E-10   1.802E-10
  154   19    1   2.970E-17   4.680E-17   7.310E-17   9.803E-17   1.288E-16   1.718E-16   2.342E-16   3.250E-16   4.548E-16   6.359E-16   8.822E-16   1.631E-15   3.630E-15   5.716E-15   1.020E-14   2.160E-14   3.759E-14
  155   19    2   1.854E-16   2.740E-16   4.048E-16   5.268E-16   6.752E-16   8.761E-16   1.156E-15   1.542E-15   2.065E-15   2.757E-15   3.649E-15   6.159E-15   1.213E-14   1.781E-14   2.903E-14   5.468E-14   8.739E-14
  156   19    3   7.870E-16   1.105E-15   1.553E-15   1.959E-15   2.448E-15   3.103E-15   4.001E-15   5.227E-15   6.866E-15   9.011E-15   1.175E-14   1.938E-14   3.731E-14   5.427E-14   8.782E-14   1.650E-13   2.644E-13
  157   19    4   3.019E-15   3.991E-15   5.302E-15   6.448E-15   7.775E-15   9.461E-15   1.164E-14   1.443E-14   1.792E-14   2.221E-14   2.738E-14   4.057E-14   6.796E-14   9.137E-14   1.338E-13   2.213E-13   3.237E-13
  158   19    5   1.110E-14   1.411E-14   1.803E-14   2.146E-14   2.550E-14   3.063E-14   3.723E-14   4.558E-14   5.593E-14   6.849E-14   8.342E-14   1.208E-13   1.962E-13   2.592E-13   3.708E-13   5.944E-13   8.494E-13
  159   19    6   3.202E-14   3.898E-14   4.751E-14   5.452E-14   6.235E-14   7.188E-14   8.353E-14   9.757E-14   1.141E-13   1.333E-13   1.551E-13   2.065E-13   3.016E-13   3.754E-13   4.989E-13   7.291E-13   9.755E-13
  160   19    7   1.141E-13   1.337E-13   1.571E-13   1.771E-13   2.000E-13   2.277E-13   2.612E-13   3.007E-13   3.463E-13   3.978E-13   4.551E-13   5.857E-13   8.152E-13   9.859E-13   1.261E-12   1.750E-12   2.249E-12
  161   19    8   2.511E-13   2.893E-13   3.298E-13   3.604E-13   3.943E-13   4.347E-13   4.824E-13   5.375E-13   5.998E-13   6.687E-13   7.438E-13   9.099E-13   1.190E-12   1.392E-12   1.707E-12   2.247E-12   2.780E-12
  162   19    9   8.470E-13   9.333E-13   1.019E-12   1.089E-12   1.168E-12   1.261E-12   1.367E-12   1.486E-12   1.615E-12   1.752E-12   1.897E-12   2.200E-12   2.677E-12   3.001E-12   3.487E-12   4.281E-12   5.038E-12
  163   19   10   1.555E-12   1.742E-12   1.901E-12   2.004E-12   2.118E-12   2.253E-12   2.408E-12   2.582E-12   2.772E-12   2.974E-12   3.187E-12   3.633E-12   4.329E-12   4.796E-12   5.486E-12   6.576E-12   7.567E-12
  164   19   11   4.186E-12   4.452E-12   4.601E-12   4.683E-12   4.788E-12   4.920E-12   5.073E-12   5.242E-12   5.422E-12   5.608E-12   5.798E-12   6.184E-12   6.764E-12   7.150E-12   7.725E-12   8.669E-12   9.579E-12
  165   19   12   7.818E-12   8.594E-12   9.120E-12   9.386E-12   9.661E-12   9.982E-12   1.034E-11   1.074E-11   1.116E-11   1.159E-11   1.202E-11   1.290E-11   1.418E-11   1.498E-11   1.611E-11   1.776E-11   1.914E-11
  166   19   13   1.289E-11   1.356E-11   1.352E-11   1.322E-11   1.295E-11   1.276E-11   1.262E-11   1.252E-11   1.247E-11   1.246E-11   1.247E-11   1.259E-11   1.292E-11   1.322E-11   1.376E-11   1.480E-11   1.589E-11
  167   19   14   3.183E-11   3.409E-11   3.503E-11   3.519E-11   3.534E-11   3.557E-11   3.586E-11   3.621E-11   3.659E-11   3.699E-11   3.739E-11   3.819E-11   3.932E-11   4.001E-11   4.095E-11   4.225E-11   4.327E-11
  168   19   15   2.570E-11   2.803E-11   2.812E-11   2.695E-11   2.575E-11   2.474E-11   2.394E-11   2.334E-11   2.291E-11   2.262E-11   2.246E-11   2.241E-11   2.282E-11   2.330E-11   2.419E-11   2.586E-11   2.754E-11
  169   19   16   9.560E-11   1.009E-10   1.021E-10   1.011E-10   9.964E-11   9.821E-11   9.693E-11   9.580E-11   9.482E-11   9.397E-11   9.323E-11   9.202E-11   9.068E-11   9.001E-11   8.923E-11   8.829E-11   8.760E-11
  170   19   17   5.499E-11   6.502E-11   7.211E-11   7.320E-11   7.297E-11   7.263E-11   7.249E-11   7.257E-11   7.284E-11   7.326E-11   7.379E-11   7.504E-11   7.713E-11   7.854E-11   8.059E-11   8.372E-11   8.643E-11
  171   19   18   1.632E-10   1.766E-10   1.932E-10   2.008E-10   2.034E-10   2.036E-10   2.027E-10   2.012E-10   1.997E-10   1.981E-10   1.965E-10   1.936E-10   1.901E-10   1.881E-10   1.856E-10   1.825E-10   1.802E-10
  172   20    1   1.150E-17   1.868E-17   2.993E-17   4.082E-17   5.442E-17   7.359E-17   1.017E-16   1.428E-16   2.019E-16   2.845E-16   3.970E-16   7.389E-16   1.647E-15   2.587E-15   4.587E-15   9.585E-15   1.645E-14
  173   20    2   6.775E-17   1.051E-16   1.610E-16   2.130E-16   2.762E-16   3.630E-16   4.876E-16   6.670E-16   9.215E-16   1.275E-15   1.755E-15   3.213E-15   7.132E-15   1.127E-14   2.027E-14   4.363E-14   7.708E-14
  174   20    3   3.154E-16   4.558E-16   6.565E-16   8.386E-16   1.055E-15   1.343E-15   1.735E-15   2.268E-15   2.979E-15   3.908E-15   5.093E-15   8.382E-15   1.610E-14   2.339E-14   3.777E-14   7.067E-14   1.128E-13
  175   20    4   1.217E-15   1.682E-15   2.317E-15   2.878E-15   3.539E-15   4.410E-15   5.586E-15   7.166E-15   9.250E-15   1.194E-14   1.534E-14   2.466E-14   4.616E-14   6.621E-14   1.054E-13   1.944E-13   3.079E-13
  176   20    5   4.339E-15   5.680E-15   7.434E-15   8.918E-15   1.060E-14   1.271E-14   1.540E-14   1.879E-14   2.299E-14   2.811E-14   3.421E-14   4.959E-14   8.102E-14   1.075E-13   1.551E-13   2.519E-13   3.639E-13
  177   20    6   1.520E-14   1.920E-14   2.426E-14   2.856E-14   3.350E-14   3.971E-14   4.759E-14   5.747E-14   6.960E-14   8.419E-14   1.014E-13   1.440E-13   2.289E-13   2.988E-13   4.218E-13   6.651E-13   9.390E-13
  178   20    7   4.136E-14   5.038E-14   6.104E-14   6.940E-14   7.854E-14   8.954E-14   1.029E-13   1.188E-13   1.375E-13   1.590E-13   1.833E-13   2.402E-13   3.442E-13   4.243E-13   5.573E-13   8.028E-13   1.063E-12
  179   20    8   1.424E-13   1.673E-13   1.959E-13   2.190E-13   2.450E-13   2.762E-13   3.136E-13   3.573E-13   4.076E-13   4.642E-13   5.267E-13   6.683E-13   9.151E-13   1.097E-12   1.389E-12   1.904E-12   2.425E-12
  180   20    9   2.992E-13   3.479E-13   3.975E-13   4.321E-13   4.694E-13   5.133E-13   5.650E-13   6.245E-13   6.915E-13   7.654E-13   8.456E-13   1.022E-12   1.318E-12   1.530E-12   1.861E-12   2.422E-12   2.972E-12
  181   20   10   9.730E-13   1.083E-12   1.188E-12   1.263E-12   1.347E-12   1.444E-12   1.556E-12   1.679E-12   1.814E-12   1.957E-12   2.106E-12   2.421E-12   2.913E-12   3.246E-12   3.744E-12   4.555E-12   5.326E-12
  182   20   11   1.746E-12   1.983E-12   2.181E-12   2.296E-12   2.415E-12   2.554E-12   2.715E-12   2.894E-12   3.090E-12   3.299E-12   3.517E-12   3.976E-12   4.689E-12   5.166E-12   5.869E-12   6.975E-12   7.974E-12
  183   20   12   4.463E-12   4.825E-12   5.044E-12   5.133E-12   5.231E-12   5.354E-12   5.499E-12   5.661E-12   5.834E-12   6.014E-12   6.198E-12   6.575E-12   7.147E-12   7.528E-12   8.099E-12   9.038E-12   9.944E-12
  184   20   13   8.427E-12   9.414E-12   1.009E-11   1.038E-11   1.065E-11   1.096E-11   1.131E-11   1.169E-11   1.210E-11   1.252E-11   1.295E-11   1.381E-11   1.507E-11   1.586E-11   1.696E-11   1.858E-11   1.993E-11
  185   20   14   1.292E-11   1.389E-11   1.408E-11   1.380E-11   1.352E-11   1.329E-11   1.311E-11   1.300E-11   1.292E-11   1.289E-11   1.289E-11   1.298E-11   1.328E-11   1.357E-11   1.411E-11   1.514E-11   1.623E-11
  186   20   15   3.308E-11   3.606E-11   3.751E-11   3.770E-11   3.778E-11   3.791E-11   3.812E-11   3.838E-11   3.868E-11   3.901E-11   3.935E-11   4.004E-11   4.103E-11   4.164E-11   4.247E-11   4.363E-11   4.454E-11
  187   20   16   2.495E-11   2.768E-11   2.824E-11   2.718E-11   2.599E-11   2.497E-11   2.416E-11   2.354E-11   2.310E-11   2.281E-11   2.264E-11   2.259E-11   2.302E-11   2.351E-11   2.441E-11   2.609E-11   2.778E-11
  188   20   17   9.503E-11   1.021E-10   1.049E-10   1.042E-10   1.027E-10   1.012E-10   9.978E-11   9.852E-11   9.743E-11   9.647E-11   9.563E-11   9.424E-11   9.268E-11   9.189E-11   9.096E-11   8.983E-11   8.898E-11
  189   20   18   5.758E-11   6.644E-11   7.288E-11   7.376E-11   7.334E-11   7.284E-11   7.256E-11   7.253E-11   7.271E-11   7.306E-11   7.353E-11   7.469E-11   7.672E-11   7.810E-11   8.014E-11   8.327E-11   8.599E-11
  190   20   19   1.607E-10   1.731E-10   1.899E-10   1.980E-10   2.011E-10   2.017E-10   2.010E-10   1.999E-10   1.985E-10   1.970E-10   1.956E-10   1.929E-10   1.896E-10   1.877E-10   1.854E-10   1.824E-10   1.801E-10
  191   21    1   4.121E-18   7.014E-18   1.165E-17   1.612E-17   2.165E-17   2.943E-17   4.097E-17   5.826E-17   8.391E-17   1.213E-16   1.744E-16   3.479E-16   8.682E-16   1.468E-15   2.881E-15   6.915E-15   1.316E-14
  192   21    2   2.684E-17   4.262E-17   6.673E-17   8.965E-17   1.178E-16   1.570E-16   2.136E-16   2.956E-16   4.126E-16   5.756E-16   7.972E-16   1.472E-15   3.280E-15   5.178E-15   9.276E-15   1.975E-14   3.446E-14
  193   21    3   1.176E-16   1.777E-16   2.644E-16   3.431E-16   4.370E-16   5.638E-16   7.425E-16   9.952E-16   1.348E-15   1.831E-15   2.479E-15   4.417E-15   9.533E-15   1.487E-14   2.642E-14   5.616E-14   9.850E-14
  194   21    4   4.967E-16   7.042E-16   9.912E-16   1.245E-15   1.541E-15   1.928E-15   2.446E-15   3.137E-15   4.047E-15   5.218E-15   6.695E-15   1.073E-14   2.001E-14   2.864E-14   4.547E-14   8.352E-14   1.317E-13
  195   21    5   1.788E-15   2.441E-15   3.304E-15   4.046E-15   4.908E-15   6.025E-15   7.514E-15   9.484E-15   1.205E-14   1.533E-14   1.943E-14   3.051E-14   5.560E-14   7.868E-14   1.233E-13   2.230E-13   3.483E-13
  196   21    6   5.979E-15   7.785E-15   1.007E-14   1.193E-14   1.401E-14   1.658E-14   1.981E-14   2.385E-14   2.881E-14   3.478E-14   4.185E-14   5.946E-14   9.493E-14   1.245E-13   1.770E-13   2.826E-13   4.031E-13
  197   21    7   2.011E-14   2.537E-14   3.178E-14   3.703E-14   4.297E-14   5.034E-14   5.960E-14   7.109E-14   8.507E-14   1.018E-13   1.213E-13   1.692E-13   2.635E-13   3.404E-13   4.744E-13   7.368E-13   1.029E-12
  198   21    8   5.173E-14   6.342E-14   7.664E-14   8.650E-14   9.703E-14   1.095E-13   1.246E-13   1.425E-13   1.633E-13   1.871E-13   2.139E-13   2.761E-13   3.888E-13   4.750E-13   6.170E-13   8.771E-13   1.150E-12
  199   21    9   1.728E-13   2.045E-13   2.395E-13   2.662E-13   2.954E-13   3.301E-13   3.714E-13   4.194E-13   4.743E-13   5.358E-13   6.035E-13   7.557E-13   1.019E-12   1.212E-12   1.520E-12   2.059E-12   2.600E-12
  200   21   10   3.473E-13   4.100E-13   4.711E-13   5.106E-13   5.513E-13   5.988E-13   6.544E-13   7.182E-13   7.897E-13   8.683E-13   9.534E-13   1.140E-12   1.451E-12   1.673E-12   2.016E-12   2.597E-12   3.162E-12
  201   21   11   1.088E-12   1.231E-12   1.362E-12   1.447E-12   1.535E-12   1.637E-12   1.753E-12   1.881E-12   2.020E-12   2.168E-12   2.323E-12   2.646E-12   3.151E-12   3.492E-12   4.001E-12   4.828E-12   5.609E-12
  202   21   12   1.919E-12   2.223E-12   2.473E-12   2.602E-12   2.728E-12   2.872E-12   3.037E-12   3.222E-12   3.423E-12   3.637E-12   3.861E-12   4.330E-12   5.057E-12   5.542E-12   6.255E-12   7.373E-12   8.378E-12
  203   21   13   4.630E-12   5.132E-12   5.457E-12   5.568E-12   5.666E-12   5.783E-12   5.921E-12   6.075E-12   6.241E-12   6.415E-12   6.594E-12   6.961E-12   7.521E-12   7.898E-12   8.463E-12   9.397E-12   1.030E-11
  204   21   14   8.916E-12   1.017E-11   1.105E-11   1.138E-11   1.165E-11   1.195E-11   1.229E-11   1.266E-11   1.306E-11   1.347E-11   1.389E-11   1.473E-11   1.596E-11   1.674E-11   1.782E-11   1.940E-11   2.071E-11
  205   21   15   1.256E-11   1.394E-11   1.449E-11   1.429E-11   1.401E-11   1.376E-11   1.357E-11   1.343E-11   1.334E-11   1.329E-11   1.327E-11   1.334E-11   1.363E-11   1.391E-11   1.444E-11   1.546E-11   1.655E-11
  206   21   16   3.367E-11   3.761E-11   3.977E-11   4.008E-11   4.013E-11   4.020E-11   4.033E-11   4.052E-11   4.075E-11   4.101E-11   4.128E-11   4.186E-11   4.271E-11   4.324E-11   4.397E-11   4.499E-11   4.578E-11
  207   21   17   2.370E-11   2.694E-11   2.815E-11   2.730E-11   2.617E-11   2.516E-11   2.435E-11   2.373E-11   2.329E-11   2.300E-11   2.283E-11   2.279E-11   2.322E-11   2.371E-11   2.462E-11   2.631E-11   2.800E-11
  208   21   18   9.229E-11   1.018E-10   1.069E-10   1.067E-10   1.054E-10   1.039E-10   1.024E-10   1.011E-10   9.987E-11   9.882E-11   9.789E-11   9.634E-11   9.459E-11   9.368E-11   9.261E-11   9.129E-11   9.030E-11
  209   21   19   6.135E-11   6.889E-11   7.435E-11   7.485E-11   7.414E-11   7.342E-11   7.295E-11   7.276E-11   7.282E-11   7.307E-11   7.346E-11   7.451E-11   7.642E-11   7.777E-11   7.977E-11   8.288E-11   8.559E-11
  210   21   20   1.537E-10   1.669E-10   1.853E-10   1.944E-10   1.982E-10   1.993E-10   1.990E-10   1.982E-10   1.970E-10   1.958E-10   1.945E-10   1.921E-10   1.890E-10   1.872E-10   1.850E-10   1.822E-10   1.800E-10
! COLLISION PARTNER 
3 SiO-oH2 from Balanca C. et al 2018, MNRAS
! NUMBER OF COLLISIONAL TRANSITIONS
210
! NUMBER OF COLLISIONAL TEMPERATURES
17
! COLLISIONAL TEMPERATURES
    5.0    10.0    20.0    30.0    40.0    50.0    60.0    70.0    80.0    90.0   100.0   120.0   150.0   170.0   200.0   250.0   300.0
! TRANS+ UP+ LOW+ COLLRATES(cm^3 s^-1)
    1    2    1   1.374E-10   1.245E-10   1.135E-10   1.114E-10   1.126E-10   1.149E-10   1.176E-10   1.203E-10   1.228E-10   1.251E-10   1.272E-10   1.307E-10   1.346E-10   1.366E-10   1.388E-10   1.412E-10   1.425E-10
    2    3    1   6.867E-11   6.703E-11   6.710E-11   6.782E-11   6.824E-11   6.839E-11   6.837E-11   6.825E-11   6.806E-11   6.784E-11   6.760E-11   6.710E-11   6.636E-11   6.590E-11   6.524E-11   6.428E-11   6.345E-11
    3    3    2   2.174E-10   2.072E-10   1.927E-10   1.869E-10   1.856E-10   1.863E-10   1.878E-10   1.898E-10   1.918E-10   1.938E-10   1.957E-10   1.990E-10   2.029E-10   2.050E-10   2.073E-10   2.099E-10   2.114E-10
    4    4    1   3.335E-11   3.184E-11   2.851E-11   2.629E-11   2.485E-11   2.389E-11   2.324E-11   2.277E-11   2.244E-11   2.221E-11   2.203E-11   2.182E-11   2.167E-11   2.164E-11   2.164E-11   2.171E-11   2.180E-11
    5    4    2   1.179E-10   1.182E-10   1.184E-10   1.184E-10   1.181E-10   1.176E-10   1.171E-10   1.165E-10   1.160E-10   1.155E-10   1.150E-10   1.142E-10   1.130E-10   1.123E-10   1.114E-10   1.101E-10   1.089E-10
    6    4    3   2.059E-10   2.124E-10   2.090E-10   2.061E-10   2.056E-10   2.064E-10   2.079E-10   2.098E-10   2.117E-10   2.136E-10   2.155E-10   2.188E-10   2.228E-10   2.250E-10   2.277E-10   2.308E-10   2.329E-10
    7    5    1   1.729E-11   1.784E-11   1.765E-11   1.731E-11   1.703E-11   1.683E-11   1.667E-11   1.655E-11   1.646E-11   1.638E-11   1.632E-11   1.624E-11   1.616E-11   1.613E-11   1.609E-11   1.605E-11   1.600E-11
    8    5    2   5.048E-11   5.070E-11   4.744E-11   4.463E-11   4.269E-11   4.138E-11   4.048E-11   3.987E-11   3.947E-11   3.921E-11   3.906E-11   3.898E-11   3.917E-11   3.940E-11   3.983E-11   4.062E-11   4.140E-11
    9    5    3   1.172E-10   1.232E-10   1.271E-10   1.280E-10   1.281E-10   1.279E-10   1.276E-10   1.273E-10   1.270E-10   1.268E-10   1.266E-10   1.262E-10   1.258E-10   1.256E-10   1.253E-10   1.248E-10   1.244E-10
   10    5    4   2.007E-10   2.139E-10   2.167E-10   2.161E-10   2.164E-10   2.176E-10   2.192E-10   2.211E-10   2.230E-10   2.248E-10   2.266E-10   2.299E-10   2.339E-10   2.361E-10   2.388E-10   2.421E-10   2.444E-10
   11    6    1   5.779E-12   6.071E-12   5.919E-12   5.699E-12   5.548E-12   5.459E-12   5.418E-12   5.413E-12   5.436E-12   5.479E-12   5.537E-12   5.683E-12   5.945E-12   6.132E-12   6.416E-12   6.872E-12   7.290E-12
   12    6    2   2.525E-11   2.741E-11   2.825E-11   2.826E-11   2.821E-11   2.822E-11   2.827E-11   2.837E-11   2.850E-11   2.864E-11   2.880E-11   2.913E-11   2.963E-11   2.995E-11   3.039E-11   3.102E-11   3.151E-11
   13    6    3   4.903E-11   5.176E-11   5.081E-11   4.897E-11   4.756E-11   4.658E-11   4.595E-11   4.556E-11   4.535E-11   4.528E-11   4.530E-11   4.555E-11   4.620E-11   4.672E-11   4.756E-11   4.899E-11   5.034E-11
   14    6    4   1.168E-10   1.259E-10   1.318E-10   1.330E-10   1.330E-10   1.326E-10   1.322E-10   1.318E-10   1.315E-10   1.313E-10   1.311E-10   1.308E-10   1.306E-10   1.306E-10   1.306E-10   1.306E-10   1.306E-10
   15    6    5   1.948E-10   2.128E-10   2.210E-10   2.228E-10   2.242E-10   2.259E-10   2.277E-10   2.296E-10   2.315E-10   2.333E-10   2.350E-10   2.380E-10   2.417E-10   2.437E-10   2.463E-10   2.494E-10   2.516E-10
   16    7    1   2.333E-12   2.630E-12   2.859E-12   3.002E-12   3.144E-12   3.292E-12   3.443E-12   3.593E-12   3.740E-12   3.885E-12   4.025E-12   4.292E-12   4.658E-12   4.879E-12   5.178E-12   5.597E-12   5.934E-12
   17    7    2   8.823E-12   9.569E-12   9.728E-12   9.644E-12   9.609E-12   9.648E-12   9.752E-12   9.907E-12   1.010E-11   1.032E-11   1.056E-11   1.108E-11   1.190E-11   1.246E-11   1.327E-11   1.453E-11   1.567E-11
   18    7    3   2.740E-11   3.027E-11   3.182E-11   3.212E-11   3.221E-11   3.232E-11   3.245E-11   3.263E-11   3.283E-11   3.306E-11   3.330E-11   3.381E-11   3.459E-11   3.510E-11   3.582E-11   3.691E-11   3.782E-11
   19    7    4   4.702E-11   5.106E-11   5.197E-11   5.110E-11   5.019E-11   4.951E-11   4.905E-11   4.878E-11   4.866E-11   4.867E-11   4.875E-11   4.912E-11   4.996E-11   5.062E-11   5.167E-11   5.346E-11   5.516E-11
   20    7    5   1.158E-10   1.271E-10   1.346E-10   1.361E-10   1.360E-10   1.356E-10   1.351E-10   1.346E-10   1.343E-10   1.340E-10   1.337E-10   1.334E-10   1.332E-10   1.332E-10   1.332E-10   1.333E-10   1.334E-10
   21    7    6   1.894E-10   2.092E-10   2.219E-10   2.263E-10   2.293E-10   2.318E-10   2.341E-10   2.362E-10   2.382E-10   2.400E-10   2.416E-10   2.444E-10   2.478E-10   2.496E-10   2.519E-10   2.546E-10   2.566E-10
   22    8    1   8.646E-13   9.723E-13   1.058E-12   1.123E-12   1.195E-12   1.277E-12   1.365E-12   1.459E-12   1.556E-12   1.655E-12   1.754E-12   1.951E-12   2.238E-12   2.421E-12   2.682E-12   3.080E-12   3.433E-12
   23    8    2   4.037E-12   4.539E-12   4.986E-12   5.291E-12   5.590E-12   5.897E-12   6.210E-12   6.525E-12   6.839E-12   7.149E-12   7.455E-12   8.050E-12   8.889E-12   9.410E-12   1.013E-11   1.119E-11   1.209E-11
   24    8    3   9.905E-12   1.097E-11   1.144E-11   1.149E-11   1.152E-11   1.162E-11   1.178E-11   1.199E-11   1.226E-11   1.256E-11   1.288E-11   1.359E-11   1.472E-11   1.548E-11   1.661E-11   1.841E-11   2.005E-11
   25    8    4   2.890E-11   3.227E-11   3.447E-11   3.499E-11   3.515E-11   3.526E-11   3.538E-11   3.553E-11   3.571E-11   3.591E-11   3.614E-11   3.662E-11   3.740E-11   3.792E-11   3.868E-11   3.986E-11   4.091E-11
   26    8    5   4.551E-11   5.062E-11   5.291E-11   5.275E-11   5.222E-11   5.174E-11   5.139E-11   5.118E-11   5.109E-11   5.110E-11   5.119E-11   5.154E-11   5.236E-11   5.301E-11   5.409E-11   5.597E-11   5.781E-11
   27    8    6   1.163E-10   1.277E-10   1.360E-10   1.378E-10   1.378E-10   1.373E-10   1.368E-10   1.363E-10   1.359E-10   1.356E-10   1.354E-10   1.351E-10   1.349E-10   1.349E-10   1.349E-10   1.350E-10   1.352E-10
   28    8    7   1.791E-10   2.013E-10   2.187E-10   2.264E-10   2.313E-10   2.351E-10   2.382E-10   2.409E-10   2.431E-10   2.451E-10   2.468E-10   2.497E-10   2.528E-10   2.545E-10   2.564E-10   2.588E-10   2.604E-10
   29    9    1   3.942E-13   4.487E-13   5.110E-13   5.655E-13   6.247E-13   6.888E-13   7.568E-13   8.274E-13   8.998E-13   9.730E-13   1.047E-12   1.193E-12   1.409E-12   1.547E-12   1.746E-12   2.052E-12   2.324E-12
   30    9    2   1.595E-12   1.807E-12   2.002E-12   2.146E-12   2.302E-12   2.476E-12   2.667E-12   2.871E-12   3.086E-12   3.307E-12   3.533E-12   3.991E-12   4.677E-12   5.124E-12   5.773E-12   6.782E-12   7.690E-12
   31    9    3   5.008E-12   5.672E-12   6.287E-12   6.665E-12   7.007E-12   7.349E-12   7.697E-12   8.048E-12   8.402E-12   8.755E-12   9.106E-12   9.798E-12   1.079E-11   1.142E-11   1.231E-11   1.365E-11   1.482E-11
   32    9    4   1.086E-11   1.213E-11   1.286E-11   1.299E-11   1.306E-11   1.316E-11   1.332E-11   1.353E-11   1.379E-11   1.410E-11   1.443E-11   1.517E-11   1.637E-11   1.721E-11   1.847E-11   2.051E-11   2.242E-11
   33    9    5   3.054E-11   3.412E-11   3.672E-11   3.738E-11   3.759E-11   3.769E-11   3.779E-11   3.791E-11   3.806E-11   3.823E-11   3.842E-11   3.885E-11   3.955E-11   4.003E-11   4.075E-11   4.189E-11   4.292E-11
   34    9    6   4.426E-11   5.011E-11   5.353E-11   5.396E-11   5.376E-11   5.347E-11   5.324E-11   5.309E-11   5.304E-11   5.306E-11   5.314E-11   5.346E-11   5.421E-11   5.482E-11   5.584E-11   5.766E-11   5.949E-11
   35    9    7   1.155E-10   1.269E-10   1.359E-10   1.380E-10   1.381E-10   1.378E-10   1.374E-10   1.370E-10   1.367E-10   1.364E-10   1.362E-10   1.360E-10   1.359E-10   1.359E-10   1.360E-10   1.362E-10   1.364E-10
   36    9    8   1.699E-10   1.932E-10   2.149E-10   2.256E-10   2.326E-10   2.377E-10   2.416E-10   2.448E-10   2.475E-10   2.496E-10   2.515E-10   2.544E-10   2.575E-10   2.590E-10   2.607E-10   2.626E-10   2.639E-10
   37   10    1   1.768E-13   2.071E-13   2.411E-13   2.713E-13   3.059E-13   3.457E-13   3.904E-13   4.394E-13   4.917E-13   5.468E-13   6.041E-13   7.230E-13   9.069E-13   1.030E-12   1.212E-12   1.500E-12   1.763E-12
   38   10    2   7.554E-13   8.627E-13   9.855E-13   1.088E-12   1.196E-12   1.315E-12   1.442E-12   1.575E-12   1.714E-12   1.857E-12   2.002E-12   2.295E-12   2.736E-12   3.026E-12   3.451E-12   4.123E-12   4.744E-12
   39   10    3   2.043E-12   2.348E-12   2.630E-12   2.814E-12   2.996E-12   3.196E-12   3.417E-12   3.654E-12   3.906E-12   4.168E-12   4.439E-12   4.997E-12   5.855E-12   6.429E-12   7.279E-12   8.638E-12   9.893E-12
   40   10    4   5.890E-12   6.667E-12   7.427E-12   7.871E-12   8.243E-12   8.599E-12   8.953E-12   9.308E-12   9.666E-12   1.002E-11   1.038E-11   1.109E-11   1.212E-11   1.278E-11   1.371E-11   1.514E-11   1.641E-11
   41   10    5   1.123E-11   1.284E-11   1.393E-11   1.423E-11   1.436E-11   1.450E-11   1.467E-11   1.489E-11   1.515E-11   1.544E-11   1.577E-11   1.649E-11   1.767E-11   1.850E-11   1.977E-11   2.187E-11   2.386E-11
   42   10    6   3.169E-11   3.543E-11   3.833E-11   3.918E-11   3.947E-11   3.961E-11   3.973E-11   3.984E-11   3.998E-11   4.014E-11   4.032E-11   4.071E-11   4.137E-11   4.182E-11   4.249E-11   4.356E-11   4.455E-11
   43   10    7   4.178E-11   4.879E-11   5.367E-11   5.482E-11   5.501E-11   5.494E-11   5.484E-11   5.477E-11   5.476E-11   5.480E-11   5.489E-11   5.519E-11   5.587E-11   5.643E-11   5.737E-11   5.907E-11   6.081E-11
   44   10    8   1.162E-10   1.270E-10   1.357E-10   1.378E-10   1.380E-10   1.378E-10   1.374E-10   1.372E-10   1.369E-10   1.368E-10   1.366E-10   1.366E-10   1.366E-10   1.367E-10   1.368E-10   1.371E-10   1.374E-10
   45   10    9   1.646E-10   1.878E-10   2.127E-10   2.260E-10   2.345E-10   2.406E-10   2.453E-10   2.489E-10   2.518E-10   2.541E-10   2.560E-10   2.590E-10   2.619E-10   2.633E-10   2.648E-10   2.663E-10   2.672E-10
   46   11    1   7.727E-14   8.985E-14   1.054E-13   1.195E-13   1.356E-13   1.542E-13   1.751E-13   1.981E-13   2.227E-13   2.487E-13   2.758E-13   3.326E-13   4.217E-13   4.828E-13   5.756E-13   7.309E-13   8.830E-13
   47   11    2   3.449E-13   4.031E-13   4.721E-13   5.313E-13   5.974E-13   6.738E-13   7.606E-13   8.567E-13   9.611E-13   1.073E-12   1.190E-12   1.441E-12   1.842E-12   2.119E-12   2.540E-12   3.231E-12   3.882E-12
   48   11    3   1.011E-12   1.154E-12   1.322E-12   1.452E-12   1.582E-12   1.721E-12   1.869E-12   2.025E-12   2.187E-12   2.354E-12   2.524E-12   2.872E-12   3.401E-12   3.753E-12   4.273E-12   5.112E-12   5.899E-12
   49   11    4   2.451E-12   2.834E-12   3.211E-12   3.439E-12   3.645E-12   3.861E-12   4.094E-12   4.343E-12   4.606E-12   4.880E-12   5.164E-12   5.750E-12   6.661E-12   7.278E-12   8.202E-12   9.709E-12   1.113E-11
   50   11    5   6.739E-12   7.583E-12   8.465E-12   8.979E-12   9.385E-12   9.755E-12   1.011E-11   1.047E-11   1.082E-11   1.118E-11   1.154E-11   1.224E-11   1.327E-11   1.393E-11   1.487E-11   1.632E-11   1.761E-11
   51   11    6   1.138E-11   1.329E-11   1.477E-11   1.526E-11   1.550E-11   1.570E-11   1.590E-11   1.614E-11   1.641E-11   1.670E-11   1.702E-11   1.773E-11   1.889E-11   1.970E-11   2.094E-11   2.300E-11   2.498E-11
   52   11    7   3.264E-11   3.633E-11   3.952E-11   4.059E-11   4.101E-11   4.122E-11   4.137E-11   4.151E-11   4.165E-11   4.181E-11   4.198E-11   4.235E-11   4.297E-11   4.339E-11   4.402E-11   4.503E-11   4.595E-11
   53   11    8   4.020E-11   4.784E-11   5.382E-11   5.556E-11   5.608E-11   5.620E-11   5.622E-11   5.622E-11   5.625E-11   5.632E-11   5.642E-11   5.672E-11   5.736E-11   5.789E-11   5.876E-11   6.036E-11   6.200E-11
   54   11    9   1.165E-10   1.264E-10   1.347E-10   1.369E-10   1.373E-10   1.372E-10   1.370E-10   1.368E-10   1.367E-10   1.366E-10   1.366E-10   1.366E-10   1.368E-10   1.370E-10   1.372E-10   1.377E-10   1.380E-10
   55   11   10   1.639E-10   1.861E-10   2.125E-10   2.273E-10   2.369E-10   2.437E-10   2.488E-10   2.527E-10   2.558E-10   2.582E-10   2.602E-10   2.631E-10   2.660E-10   2.672E-10   2.685E-10   2.697E-10   2.703E-10
   56   12    1   3.395E-14   4.065E-14   4.959E-14   5.803E-14   6.803E-14   8.019E-14   9.469E-14   1.115E-13   1.305E-13   1.518E-13   1.750E-13   2.271E-13   3.169E-13   3.826E-13   4.869E-13   6.672E-13   8.450E-13
   57   12    2   1.533E-13   1.776E-13   2.085E-13   2.356E-13   2.658E-13   3.007E-13   3.403E-13   3.840E-13   4.314E-13   4.818E-13   5.349E-13   6.477E-13   8.290E-13   9.557E-13   1.152E-12   1.487E-12   1.823E-12
   58   12    3   4.827E-13   5.590E-13   6.521E-13   7.278E-13   8.089E-13   9.010E-13   1.005E-12   1.120E-12   1.244E-12   1.377E-12   1.519E-12   1.821E-12   2.313E-12   2.658E-12   3.190E-12   4.084E-12   4.950E-12
   59   12    4   1.295E-12   1.466E-12   1.674E-12   1.827E-12   1.972E-12   2.122E-12   2.281E-12   2.447E-12   2.619E-12   2.797E-12   2.978E-12   3.350E-12   3.917E-12   4.297E-12   4.863E-12   5.781E-12   6.651E-12
   60   12    5   2.923E-12   3.346E-12   3.799E-12   4.070E-12   4.301E-12   4.533E-12   4.777E-12   5.034E-12   5.304E-12   5.584E-12   5.872E-12   6.469E-12   7.395E-12   8.022E-12   8.967E-12   1.052E-11   1.199E-11
   61   12    6   7.662E-12   8.546E-12   9.509E-12   1.007E-11   1.050E-11   1.087E-11   1.123E-11   1.158E-11   1.193E-11   1.228E-11   1.263E-11   1.332E-11   1.434E-11   1.499E-11   1.592E-11   1.736E-11   1.865E-11
   62   12    7   1.204E-11   1.396E-11   1.561E-11   1.624E-11   1.657E-11   1.681E-11   1.705E-11   1.731E-11   1.759E-11   1.789E-11   1.821E-11   1.891E-11   2.004E-11   2.084E-11   2.205E-11   2.407E-11   2.600E-11
   63   12    8   3.377E-11   3.732E-11   4.057E-11   4.175E-11   4.226E-11   4.253E-11   4.271E-11   4.287E-11   4.303E-11   4.320E-11   4.337E-11   4.375E-11   4.435E-11   4.476E-11   4.537E-11   4.633E-11   4.720E-11
   64   12    9   4.156E-11   4.834E-11   5.440E-11   5.638E-11   5.706E-11   5.731E-11   5.740E-11   5.745E-11   5.751E-11   5.760E-11   5.771E-11   5.801E-11   5.863E-11   5.913E-11   5.996E-11   6.149E-11   6.305E-11
   65   12   10   1.155E-10   1.253E-10   1.336E-10   1.358E-10   1.363E-10   1.363E-10   1.363E-10   1.362E-10   1.362E-10   1.362E-10   1.363E-10   1.365E-10   1.369E-10   1.372E-10   1.376E-10   1.381E-10   1.385E-10
   66   12   11   1.687E-10   1.879E-10   2.137E-10   2.291E-10   2.394E-10   2.467E-10   2.521E-10   2.562E-10   2.594E-10   2.619E-10   2.639E-10   2.668E-10   2.696E-10   2.707E-10   2.718E-10   2.728E-10   2.731E-10
   67   13    1   1.424E-14   1.692E-14   2.066E-14   2.418E-14   2.832E-14   3.331E-14   3.920E-14   4.596E-14   5.354E-14   6.190E-14   7.098E-14   9.112E-14   1.255E-13   1.507E-13   1.911E-13   2.637E-13   3.400E-13
   68   13    2   7.026E-14   8.260E-14   9.973E-14   1.157E-13   1.345E-13   1.573E-13   1.846E-13   2.164E-13   2.528E-13   2.938E-13   3.393E-13   4.430E-13   6.274E-13   7.661E-13   9.920E-13   1.397E-12   1.811E-12
   69   13    3   2.246E-13   2.550E-13   2.952E-13   3.295E-13   3.667E-13   4.091E-13   4.567E-13   5.091E-13   5.658E-13   6.263E-13   6.902E-13   8.265E-13   1.048E-12   1.205E-12   1.449E-12   1.874E-12   2.305E-12
   70   13    4   6.550E-13   7.397E-13   8.504E-13   9.395E-13   1.032E-12   1.136E-12   1.251E-12   1.377E-12   1.514E-12   1.660E-12   1.814E-12   2.143E-12   2.679E-12   3.056E-12   3.638E-12   4.625E-12   5.592E-12
   71   13    5   1.644E-12   1.819E-12   2.047E-12   2.214E-12   2.370E-12   2.529E-12   2.694E-12   2.867E-12   3.045E-12   3.229E-12   3.417E-12   3.802E-12   4.390E-12   4.785E-12   5.374E-12   6.333E-12   7.246E-12
   72   13    6   3.534E-12   3.940E-12   4.403E-12   4.694E-12   4.942E-12   5.187E-12   5.440E-12   5.706E-12   5.982E-12   6.268E-12   6.561E-12   7.167E-12   8.104E-12   8.739E-12   9.693E-12   1.126E-11   1.274E-11
   73   13    7   8.828E-12   9.638E-12   1.054E-11   1.108E-11   1.150E-11   1.188E-11   1.223E-11   1.257E-11   1.292E-11   1.326E-11   1.361E-11   1.429E-11   1.530E-11   1.594E-11   1.687E-11   1.829E-11   1.956E-11
   74   13    8   1.329E-11   1.499E-11   1.659E-11   1.723E-11   1.759E-11   1.786E-11   1.812E-11   1.839E-11   1.868E-11   1.898E-11   1.931E-11   2.000E-11   2.112E-11   2.191E-11   2.310E-11   2.508E-11   2.698E-11
   75   13    9   3.547E-11   3.880E-11   4.181E-11   4.294E-11   4.344E-11   4.372E-11   4.391E-11   4.407E-11   4.424E-11   4.441E-11   4.458E-11   4.496E-11   4.556E-11   4.596E-11   4.655E-11   4.747E-11   4.830E-11
   76   13   10   4.445E-11   5.009E-11   5.567E-11   5.762E-11   5.833E-11   5.859E-11   5.870E-11   5.875E-11   5.881E-11   5.889E-11   5.899E-11   5.926E-11   5.984E-11   6.031E-11   6.111E-11   6.258E-11   6.408E-11
   77   13   11   1.128E-10   1.239E-10   1.325E-10   1.349E-10   1.355E-10   1.356E-10   1.357E-10   1.357E-10   1.358E-10   1.359E-10   1.360E-10   1.363E-10   1.369E-10   1.372E-10   1.377E-10   1.383E-10   1.388E-10
   78   13   12   1.710E-10   1.892E-10   2.146E-10   2.305E-10   2.412E-10   2.489E-10   2.546E-10   2.589E-10   2.622E-10   2.648E-10   2.668E-10   2.698E-10   2.725E-10   2.736E-10   2.746E-10   2.754E-10   2.755E-10
   79   14    1   5.977E-15   7.221E-15   9.091E-15   1.093E-14   1.318E-14   1.603E-14   1.960E-14   2.398E-14   2.925E-14   3.548E-14   4.272E-14   6.034E-14   9.464E-14   1.224E-13   1.705E-13   2.633E-13   3.646E-13
   80   14    2   3.022E-14   3.516E-14   4.236E-14   4.912E-14   5.698E-14   6.642E-14   7.755E-14   9.040E-14   1.049E-13   1.211E-13   1.389E-13   1.791E-13   2.498E-13   3.027E-13   3.894E-13   5.486E-13   7.191E-13
   81   14    3   1.086E-13   1.235E-13   1.454E-13   1.659E-13   1.897E-13   2.183E-13   2.521E-13   2.912E-13   3.358E-13   3.860E-13   4.415E-13   5.684E-13   7.947E-13   9.663E-13   1.248E-12   1.760E-12   2.293E-12
   82   14    4   3.145E-13   3.465E-13   3.921E-13   4.316E-13   4.741E-13   5.219E-13   5.751E-13   6.334E-13   6.961E-13   7.628E-13   8.331E-13   9.831E-13   1.227E-12   1.400E-12   1.672E-12   2.147E-12   2.632E-12
   83   14    5   8.727E-13   9.539E-13   1.069E-12   1.166E-12   1.268E-12   1.381E-12   1.506E-12   1.643E-12   1.789E-12   1.946E-12   2.110E-12   2.461E-12   3.030E-12   3.428E-12   4.042E-12   5.079E-12   6.094E-12
   84   14    6   2.076E-12   2.228E-12   2.437E-12   2.603E-12   2.761E-12   2.924E-12   3.095E-12   3.272E-12   3.456E-12   3.645E-12   3.838E-12   4.233E-12   4.837E-12   5.242E-12   5.845E-12   6.829E-12   7.766E-12
   85   14    7   4.306E-12   4.643E-12   5.046E-12   5.322E-12   5.569E-12   5.819E-12   6.079E-12   6.350E-12   6.632E-12   6.923E-12   7.222E-12   7.837E-12   8.787E-12   9.430E-12   1.039E-11   1.197E-11   1.346E-11
   86   14    8   1.025E-11   1.090E-11   1.163E-11   1.210E-11   1.248E-11   1.283E-11   1.316E-11   1.350E-11   1.384E-11   1.418E-11   1.452E-11   1.520E-11   1.619E-11   1.683E-11   1.775E-11   1.915E-11   2.041E-11
   87   14    9   1.510E-11   1.645E-11   1.781E-11   1.838E-11   1.872E-11   1.898E-11   1.923E-11   1.950E-11   1.978E-11   2.008E-11   2.040E-11   2.108E-11   2.218E-11   2.295E-11   2.413E-11   2.607E-11   2.793E-11
   88   14   10   3.773E-11   4.072E-11   4.331E-11   4.428E-11   4.471E-11   4.494E-11   4.511E-11   4.526E-11   4.542E-11   4.559E-11   4.576E-11   4.613E-11   4.672E-11   4.711E-11   4.768E-11   4.856E-11   4.935E-11
   89   14   11   4.792E-11   5.256E-11   5.736E-11   5.908E-11   5.970E-11   5.992E-11   6.000E-11   6.003E-11   6.006E-11   6.011E-11   6.019E-11   6.042E-11   6.094E-11   6.138E-11   6.214E-11   6.356E-11   6.501E-11
   90   14   12   1.119E-10   1.235E-10   1.321E-10   1.344E-10   1.350E-10   1.352E-10   1.353E-10   1.353E-10   1.355E-10   1.356E-10   1.358E-10   1.362E-10   1.369E-10   1.373E-10   1.378E-10   1.386E-10   1.391E-10
   91   14   13   1.714E-10   1.896E-10   2.147E-10   2.309E-10   2.421E-10   2.501E-10   2.560E-10   2.605E-10   2.640E-10   2.667E-10   2.689E-10   2.719E-10   2.747E-10   2.758E-10   2.768E-10   2.775E-10   2.776E-10
   92   15    1   2.488E-15   3.029E-15   3.866E-15   4.679E-15   5.648E-15   6.849E-15   8.323E-15   1.011E-14   1.222E-14   1.470E-14   1.756E-14   2.442E-14   3.753E-14   4.800E-14   6.596E-14   1.007E-13   1.393E-13
   93   15    2   1.302E-14   1.533E-14   1.893E-14   2.246E-14   2.673E-14   3.209E-14   3.877E-14   4.698E-14   5.692E-14   6.874E-14   8.259E-14   1.168E-13   1.848E-13   2.411E-13   3.406E-13   5.386E-13   7.621E-13
   94   15    3   4.748E-14   5.355E-14   6.281E-14   7.154E-14   8.157E-14   9.344E-14   1.073E-13   1.231E-13   1.409E-13   1.608E-13   1.826E-13   2.321E-13   3.198E-13   3.861E-13   4.958E-13   7.001E-13   9.217E-13
   95   15    4   1.570E-13   1.732E-13   1.984E-13   2.228E-13   2.509E-13   2.844E-13   3.236E-13   3.687E-13   4.198E-13   4.769E-13   5.400E-13   6.834E-13   9.377E-13   1.130E-12   1.444E-12   2.014E-12   2.609E-12
   96   15    5   4.254E-13   4.549E-13   5.010E-13   5.433E-13   5.897E-13   6.418E-13   6.995E-13   7.623E-13   8.298E-13   9.013E-13   9.766E-13   1.137E-12   1.398E-12   1.582E-12   1.871E-12   2.378E-12   2.896E-12
   97   15    6   1.127E-12   1.199E-12   1.308E-12   1.407E-12   1.514E-12   1.635E-12   1.768E-12   1.912E-12   2.068E-12   2.233E-12   2.407E-12   2.777E-12   3.375E-12   3.792E-12   4.433E-12   5.510E-12   6.557E-12
   98   15    7   2.580E-12   2.692E-12   2.861E-12   3.010E-12   3.162E-12   3.323E-12   3.494E-12   3.673E-12   3.860E-12   4.052E-12   4.248E-12   4.650E-12   5.265E-12   5.676E-12   6.291E-12   7.292E-12   8.242E-12
   99   15    8   5.162E-12   5.431E-12   5.757E-12   5.998E-12   6.231E-12   6.475E-12   6.732E-12   7.002E-12   7.284E-12   7.575E-12   7.875E-12   8.494E-12   9.453E-12   1.010E-11   1.107E-11   1.266E-11   1.415E-11
  100   15    9   1.179E-11   1.227E-11   1.280E-11   1.317E-11   1.348E-11   1.379E-11   1.410E-11   1.442E-11   1.474E-11   1.507E-11   1.540E-11   1.607E-11   1.704E-11   1.767E-11   1.857E-11   1.996E-11   2.119E-11
  101   15   10   1.705E-11   1.813E-11   1.921E-11   1.967E-11   1.995E-11   2.018E-11   2.041E-11   2.066E-11   2.092E-11   2.120E-11   2.150E-11   2.216E-11   2.323E-11   2.398E-11   2.513E-11   2.704E-11   2.886E-11
  102   15   11   4.007E-11   4.281E-11   4.495E-11   4.569E-11   4.600E-11   4.617E-11   4.630E-11   4.643E-11   4.657E-11   4.672E-11   4.688E-11   4.724E-11   4.780E-11   4.817E-11   4.871E-11   4.956E-11   5.030E-11
  103   15   12   5.103E-11   5.508E-11   5.916E-11   6.059E-11   6.108E-11   6.122E-11   6.125E-11   6.124E-11   6.124E-11   6.126E-11   6.131E-11   6.150E-11   6.198E-11   6.240E-11   6.313E-11   6.450E-11   6.592E-11
  104   15   13   1.121E-10   1.239E-10   1.323E-10   1.345E-10   1.350E-10   1.351E-10   1.352E-10   1.353E-10   1.354E-10   1.356E-10   1.358E-10   1.362E-10   1.369E-10   1.373E-10   1.379E-10   1.387E-10   1.392E-10
  105   15   14   1.684E-10   1.877E-10   2.132E-10   2.298E-10   2.414E-10   2.498E-10   2.561E-10   2.608E-10   2.645E-10   2.673E-10   2.696E-10   2.729E-10   2.759E-10   2.771E-10   2.782E-10   2.790E-10   2.790E-10
  106   16    1   9.834E-16   1.223E-15   1.600E-15   1.966E-15   2.408E-15   2.974E-15   3.707E-15   4.654E-15   5.860E-15   7.370E-15   9.230E-15   1.415E-14   2.497E-14   3.468E-14   5.307E-14   9.302E-14   1.418E-13
  107   16    2   5.447E-15   6.510E-15   8.164E-15   9.746E-15   1.160E-14   1.387E-14   1.665E-14   2.003E-14   2.409E-14   2.888E-14   3.447E-14   4.815E-14   7.499E-14   9.697E-14   1.355E-13   2.120E-13   2.991E-13
  108   16    3   2.086E-14   2.391E-14   2.873E-14   3.344E-14   3.904E-14   4.596E-14   5.450E-14   6.491E-14   7.744E-14   9.228E-14   1.096E-13   1.523E-13   2.369E-13   3.070E-13   4.311E-13   6.796E-13   9.627E-13
  109   16    4   6.907E-14   7.605E-14   8.701E-14   9.740E-14   1.092E-13   1.230E-13   1.390E-13   1.571E-13   1.774E-13   2.000E-13   2.248E-13   2.808E-13   3.797E-13   4.544E-13   5.781E-13   8.090E-13   1.061E-12
  110   16    5   2.151E-13   2.322E-13   2.598E-13   2.872E-13   3.190E-13   3.566E-13   4.005E-13   4.508E-13   5.076E-13   5.711E-13   6.410E-13   7.994E-13   1.078E-12   1.288E-12   1.628E-12   2.242E-12   2.877E-12
  111   16    6   5.513E-13   5.781E-13   6.225E-13   6.655E-13   7.137E-13   7.683E-13   8.289E-13   8.949E-13   9.657E-13   1.041E-12   1.120E-12   1.289E-12   1.563E-12   1.757E-12   2.060E-12   2.590E-12   3.131E-12
  112   16    7   1.404E-12   1.470E-12   1.571E-12   1.668E-12   1.777E-12   1.901E-12   2.038E-12   2.188E-12   2.350E-12   2.522E-12   2.703E-12   3.090E-12   3.714E-12   4.149E-12   4.815E-12   5.929E-12   7.003E-12
  113   16    8   3.102E-12   3.184E-12   3.315E-12   3.441E-12   3.581E-12   3.734E-12   3.900E-12   4.077E-12   4.262E-12   4.453E-12   4.650E-12   5.054E-12   5.675E-12   6.092E-12   6.714E-12   7.727E-12   8.687E-12
  114   16    9   6.024E-12   6.257E-12   6.521E-12   6.724E-12   6.934E-12   7.163E-12   7.409E-12   7.670E-12   7.945E-12   8.232E-12   8.528E-12   9.145E-12   1.011E-11   1.076E-11   1.174E-11   1.333E-11   1.483E-11
  115   16   10   1.324E-11   1.363E-11   1.399E-11   1.425E-11   1.449E-11   1.475E-11   1.502E-11   1.531E-11   1.562E-11   1.593E-11   1.625E-11   1.689E-11   1.784E-11   1.846E-11   1.935E-11   2.071E-11   2.192E-11
  116   16   11   1.893E-11   1.988E-11   2.073E-11   2.106E-11   2.126E-11   2.144E-11   2.162E-11   2.183E-11   2.206E-11   2.232E-11   2.260E-11   2.321E-11   2.424E-11   2.497E-11   2.609E-11   2.797E-11   2.976E-11
  117   16   12   4.214E-11   4.481E-11   4.662E-11   4.713E-11   4.729E-11   4.737E-11   4.744E-11   4.753E-11   4.765E-11   4.778E-11   4.793E-11   4.827E-11   4.880E-11   4.916E-11   4.968E-11   5.049E-11   5.120E-11
  118   16   13   5.408E-11   5.768E-11   6.114E-11   6.224E-11   6.254E-11   6.256E-11   6.249E-11   6.240E-11   6.234E-11   6.231E-11   6.232E-11   6.245E-11   6.286E-11   6.325E-11   6.396E-11   6.530E-11   6.668E-11
  119   16   14   1.123E-10   1.244E-10   1.329E-10   1.350E-10   1.354E-10   1.355E-10   1.355E-10   1.356E-10   1.357E-10   1.358E-10   1.360E-10   1.365E-10   1.372E-10   1.376E-10   1.382E-10   1.390E-10   1.396E-10
  120   16   15   1.657E-10   1.852E-10   2.110E-10   2.280E-10   2.401E-10   2.489E-10   2.555E-10   2.604E-10   2.643E-10   2.674E-10   2.698E-10   2.733E-10   2.765E-10   2.778E-10   2.791E-10   2.800E-10   2.801E-10
  121   17    1   3.964E-16   5.100E-16   6.902E-16   8.612E-16   1.060E-15   1.310E-15   1.631E-15   2.047E-15   2.578E-15   3.244E-15   4.065E-15   6.225E-15   1.092E-14   1.508E-14   2.282E-14   3.932E-14   5.912E-14
  122   17    2   2.166E-15   2.656E-15   3.428E-15   4.158E-15   5.008E-15   6.077E-15   7.454E-15   9.233E-15   1.151E-14   1.437E-14   1.791E-14   2.735E-14   4.845E-14   6.770E-14   1.047E-13   1.872E-13   2.905E-13
  123   17    3   8.791E-15   1.028E-14   1.262E-14   1.479E-14   1.725E-14   2.017E-14   2.371E-14   2.798E-14   3.309E-14   3.913E-14   4.615E-14   6.333E-14   9.710E-14   1.248E-13   1.738E-13   2.721E-13   3.854E-13
  124   17    4   3.080E-14   3.462E-14   4.081E-14   4.677E-14   5.367E-14   6.202E-14   7.222E-14   8.459E-14   9.940E-14   1.169E-13   1.372E-13   1.870E-13   2.847E-13   3.649E-13   5.060E-13   7.867E-13   1.105E-12
  125   17    5   9.467E-14   1.028E-13   1.158E-13   1.280E-13   1.414E-13   1.569E-13   1.745E-13   1.945E-13   2.170E-13   2.419E-13   2.692E-13   3.309E-13   4.392E-13   5.208E-13   6.553E-13   9.051E-13   1.176E-12
  126   17    6   2.813E-13   2.998E-13   3.307E-13   3.613E-13   3.965E-13   4.377E-13   4.855E-13   5.402E-13   6.022E-13   6.712E-13   7.473E-13   9.195E-13   1.222E-12   1.447E-12   1.812E-12   2.463E-12   3.132E-12
  127   17    7   6.838E-13   7.117E-13   7.575E-13   8.018E-13   8.515E-13   9.074E-13   9.694E-13   1.037E-12   1.110E-12   1.188E-12   1.270E-12   1.445E-12   1.730E-12   1.932E-12   2.248E-12   2.798E-12   3.356E-12
  128   17    8   1.688E-12   1.756E-12   1.856E-12   1.954E-12   2.064E-12   2.190E-12   2.329E-12   2.482E-12   2.648E-12   2.825E-12   3.012E-12   3.412E-12   4.058E-12   4.509E-12   5.198E-12   6.345E-12   7.445E-12
  129   17    9   3.590E-12   3.671E-12   3.785E-12   3.897E-12   4.025E-12   4.171E-12   4.330E-12   4.502E-12   4.683E-12   4.871E-12   5.066E-12   5.468E-12   6.090E-12   6.508E-12   7.134E-12   8.154E-12   9.118E-12
  130   17   10   6.791E-12   7.057E-12   7.305E-12   7.485E-12   7.677E-12   7.889E-12   8.121E-12   8.370E-12   8.635E-12   8.914E-12   9.205E-12   9.815E-12   1.077E-11   1.143E-11   1.241E-11   1.401E-11   1.551E-11
  131   17   11   1.446E-11   1.485E-11   1.514E-11   1.532E-11   1.551E-11   1.573E-11   1.597E-11   1.624E-11   1.653E-11   1.682E-11   1.713E-11   1.774E-11   1.866E-11   1.926E-11   2.012E-11   2.145E-11   2.263E-11
  132   17   12   2.028E-11   2.143E-11   2.228E-11   2.255E-11   2.269E-11   2.281E-11   2.294E-11   2.310E-11   2.329E-11   2.351E-11   2.376E-11   2.433E-11   2.530E-11   2.600E-11   2.709E-11   2.892E-11   3.066E-11
  133   17   13   4.375E-11   4.653E-11   4.823E-11   4.862E-11   4.869E-11   4.870E-11   4.873E-11   4.878E-11   4.887E-11   4.898E-11   4.911E-11   4.940E-11   4.988E-11   5.021E-11   5.069E-11   5.143E-11   5.208E-11
  134   17   14   5.537E-11   5.963E-11   6.318E-11   6.417E-11   6.434E-11   6.424E-11   6.405E-11   6.386E-11   6.371E-11   6.360E-11   6.355E-11   6.357E-11   6.389E-11   6.423E-11   6.488E-11   6.617E-11   6.751E-11
  135   17   15   1.133E-10   1.253E-10   1.339E-10   1.360E-10   1.363E-10   1.363E-10   1.362E-10   1.361E-10   1.361E-10   1.362E-10   1.364E-10   1.367E-10   1.373E-10   1.377E-10   1.382E-10   1.390E-10   1.396E-10
  136   17   16   1.599E-10   1.810E-10   2.078E-10   2.254E-10   2.378E-10   2.469E-10   2.537E-10   2.589E-10   2.630E-10   2.662E-10   2.688E-10   2.726E-10   2.762E-10   2.777E-10   2.791E-10   2.803E-10   2.806E-10
  137   18    1   1.500E-16   1.978E-16   2.746E-16   3.456E-16   4.258E-16   5.271E-16   6.624E-16   8.457E-16   1.092E-15   1.418E-15   1.840E-15   3.048E-15   6.034E-15   8.993E-15   1.511E-14   3.003E-14   5.023E-14
  138   18    2   8.797E-16   1.110E-15   1.480E-15   1.820E-15   2.203E-15   2.676E-15   3.286E-15   4.079E-15   5.100E-15   6.390E-15   7.989E-15   1.225E-14   2.172E-14   3.028E-14   4.659E-14   8.233E-14   1.265E-13
  139   18    3   3.553E-15   4.253E-15   5.364E-15   6.383E-15   7.527E-15   8.938E-15   1.074E-14   1.306E-14   1.601E-14   1.971E-14   2.426E-14   3.631E-14   6.302E-14   8.726E-14   1.338E-13   2.373E-13   3.670E-13
  140   18    4   1.315E-14   1.510E-14   1.817E-14   2.093E-14   2.391E-14   2.740E-14   3.159E-14   3.665E-14   4.269E-14   4.981E-14   5.806E-14   7.811E-14   1.172E-13   1.490E-13   2.050E-13   3.168E-13   4.455E-13
  141   18    5   4.332E-14   4.805E-14   5.578E-14   6.293E-14   7.093E-14   8.052E-14   9.221E-14   1.064E-13   1.234E-13   1.434E-13   1.667E-13   2.232E-13   3.333E-13   4.229E-13   5.793E-13   8.871E-13   1.232E-12
  142   18    6   1.252E-13   1.350E-13   1.505E-13   1.641E-13   1.786E-13   1.949E-13   2.137E-13   2.350E-13   2.592E-13   2.861E-13   3.157E-13   3.825E-13   4.997E-13   5.875E-13   7.316E-13   9.975E-13   1.284E-12
  143   18    7   3.588E-13   3.803E-13   4.163E-13   4.494E-13   4.862E-13   5.291E-13   5.793E-13   6.372E-13   7.032E-13   7.771E-13   8.587E-13   1.043E-12   1.367E-12   1.607E-12   1.995E-12   2.682E-12   3.381E-12
  144   18    8   8.315E-13   8.663E-13   9.197E-13   9.640E-13   1.011E-12   1.064E-12   1.124E-12   1.191E-12   1.263E-12   1.342E-12   1.425E-12   1.604E-12   1.898E-12   2.107E-12   2.434E-12   3.001E-12   3.575E-12
  145   18    9   2.000E-12   2.084E-12   2.200E-12   2.295E-12   2.398E-12   2.516E-12   2.650E-12   2.799E-12   2.964E-12   3.141E-12   3.331E-12   3.740E-12   4.405E-12   4.869E-12   5.578E-12   6.755E-12   7.877E-12
  146   18   10   4.106E-12   4.222E-12   4.362E-12   4.458E-12   4.560E-12   4.681E-12   4.819E-12   4.973E-12   5.140E-12   5.318E-12   5.504E-12   5.893E-12   6.505E-12   6.920E-12   7.544E-12   8.565E-12   9.531E-12
  147   18   11   7.591E-12   7.949E-12   8.261E-12   8.417E-12   8.563E-12   8.728E-12   8.918E-12   9.133E-12   9.371E-12   9.629E-12   9.904E-12   1.049E-11   1.144E-11   1.209E-11   1.307E-11   1.466E-11   1.616E-11
  148   18   12   1.573E-11   1.627E-11   1.666E-11   1.677E-11   1.685E-11   1.697E-11   1.714E-11   1.734E-11   1.757E-11   1.782E-11   1.808E-11   1.864E-11   1.949E-11   2.005E-11   2.088E-11   2.216E-11   2.330E-11
  149   18   13   2.153E-11   2.306E-11   2.416E-11   2.439E-11   2.441E-11   2.441E-11   2.444E-11   2.451E-11   2.462E-11   2.478E-11   2.498E-11   2.546E-11   2.635E-11   2.702E-11   2.806E-11   2.983E-11   3.154E-11
  150   18   14   4.567E-11   4.883E-11   5.083E-11   5.106E-11   5.090E-11   5.070E-11   5.055E-11   5.047E-11   5.045E-11   5.047E-11   5.052E-11   5.070E-11   5.105E-11   5.131E-11   5.171E-11   5.236E-11   5.294E-11
  151   18   15   5.583E-11   6.118E-11   6.547E-11   6.651E-11   6.654E-11   6.625E-11   6.589E-11   6.555E-11   6.528E-11   6.507E-11   6.493E-11   6.483E-11   6.503E-11   6.532E-11   6.591E-11   6.711E-11   6.839E-11
  152   18   16   1.157E-10   1.278E-10   1.368E-10   1.387E-10   1.388E-10   1.384E-10   1.381E-10   1.378E-10   1.377E-10   1.377E-10   1.377E-10   1.378E-10   1.382E-10   1.385E-10   1.390E-10   1.396E-10   1.401E-10
  153   18   17   1.526E-10   1.765E-10   2.055E-10   2.238E-10   2.365E-10   2.457E-10   2.527E-10   2.580E-10   2.622E-10   2.655E-10   2.683E-10   2.723E-10   2.761E-10   2.777E-10   2.794E-10   2.808E-10   2.812E-10
  154   19    1   6.832E-17   9.139E-17   1.233E-16   1.523E-16   1.857E-16   2.299E-16   2.915E-16   3.774E-16   4.955E-16   6.542E-16   8.625E-16   1.465E-15   2.963E-15   4.444E-15   7.483E-15   1.476E-14   2.441E-14
  155   19    2   4.167E-16   5.316E-16   6.688E-16   7.892E-16   9.286E-16   1.111E-15   1.362E-15   1.707E-15   2.173E-15   2.794E-15   3.602E-15   5.923E-15   1.172E-14   1.753E-14   2.969E-14   5.981E-14   1.012E-13
  156   19    3   1.884E-15   2.312E-15   2.738E-15   3.106E-15   3.546E-15   4.123E-15   4.893E-15   5.910E-15   7.226E-15   8.889E-15   1.095E-14   1.641E-14   2.847E-14   3.936E-14   6.010E-14   1.058E-13   1.625E-13
  157   19    4   7.180E-15   8.512E-15   9.510E-15   1.035E-14   1.146E-14   1.299E-14   1.506E-14   1.780E-14   2.133E-14   2.577E-14   3.122E-14   4.560E-14   7.710E-14   1.054E-13   1.593E-13   2.778E-13   4.246E-13
  158   19    5   2.541E-14   2.939E-14   3.138E-14   3.290E-14   3.515E-14   3.832E-14   4.257E-14   4.797E-14   5.463E-14   6.258E-14   7.186E-14   9.446E-14   1.383E-13   1.738E-13   2.357E-13   3.582E-13   4.979E-13
  159   19    6   8.157E-14   9.259E-14   9.547E-14   9.756E-14   1.025E-13   1.104E-13   1.216E-13   1.362E-13   1.543E-13   1.761E-13   2.016E-13   2.639E-13   3.852E-13   4.835E-13   6.540E-13   9.867E-13   1.355E-12
  160   19    7   2.256E-13   2.524E-13   2.521E-13   2.493E-13   2.528E-13   2.619E-13   2.760E-13   2.947E-13   3.175E-13   3.441E-13   3.741E-13   4.435E-13   5.668E-13   6.597E-13   8.119E-13   1.092E-12   1.391E-12
  161   19    8   6.354E-13   7.047E-13   6.916E-13   6.754E-13   6.796E-13   7.014E-13   7.380E-13   7.878E-13   8.493E-13   9.215E-13   1.004E-12   1.193E-12   1.531E-12   1.782E-12   2.188E-12   2.907E-12   3.632E-12
  162   19    9   1.408E-12   1.550E-12   1.490E-12   1.420E-12   1.390E-12   1.390E-12   1.414E-12   1.454E-12   1.508E-12   1.573E-12   1.646E-12   1.814E-12   2.101E-12   2.309E-12   2.639E-12   3.215E-12   3.799E-12
  163   19   10   3.310E-12   3.639E-12   3.487E-12   3.313E-12   3.235E-12   3.230E-12   3.279E-12   3.369E-12   3.490E-12   3.637E-12   3.805E-12   4.187E-12   4.836E-12   5.298E-12   6.010E-12   7.198E-12   8.332E-12
  164   19   11   6.570E-12   7.186E-12   6.784E-12   6.335E-12   6.070E-12   5.941E-12   5.904E-12   5.931E-12   6.002E-12   6.106E-12   6.234E-12   6.540E-12   7.075E-12   7.457E-12   8.048E-12   9.036E-12   9.983E-12
  165   19   12   1.161E-11   1.281E-11   1.224E-11   1.150E-11   1.103E-11   1.079E-11   1.069E-11   1.069E-11   1.077E-11   1.091E-11   1.109E-11   1.155E-11   1.238E-11   1.298E-11   1.391E-11   1.545E-11   1.691E-11
  166   19   13   2.374E-11   2.602E-11   2.450E-11   2.270E-11   2.152E-11   2.078E-11   2.035E-11   2.012E-11   2.002E-11   2.001E-11   2.007E-11   2.033E-11   2.089E-11   2.132E-11   2.200E-11   2.312E-11   2.416E-11
  167   19   14   3.001E-11   3.362E-11   3.278E-11   3.099E-11   2.965E-11   2.871E-11   2.808E-11   2.767E-11   2.743E-11   2.731E-11   2.728E-11   2.745E-11   2.803E-11   2.856E-11   2.945E-11   3.105E-11   3.264E-11
  168   19   15   6.468E-11   7.189E-11   6.907E-11   6.460E-11   6.135E-11   5.911E-11   5.754E-11   5.644E-11   5.564E-11   5.507E-11   5.465E-11   5.412E-11   5.379E-11   5.373E-11   5.378E-11   5.404E-11   5.437E-11
  169   19   16   7.138E-11   8.139E-11   8.173E-11   7.861E-11   7.585E-11   7.368E-11   7.200E-11   7.071E-11   6.972E-11   6.896E-11   6.839E-11   6.767E-11   6.728E-11   6.731E-11   6.763E-11   6.854E-11   6.963E-11
  170   19   17   1.603E-10   1.807E-10   1.778E-10   1.686E-10   1.615E-10   1.564E-10   1.527E-10   1.501E-10   1.482E-10   1.467E-10   1.456E-10   1.441E-10   1.428E-10   1.424E-10   1.420E-10   1.418E-10   1.417E-10
  171   19   18   1.780E-10   2.112E-10   2.319E-10   2.418E-10   2.491E-10   2.549E-10   2.595E-10   2.633E-10   2.664E-10   2.689E-10   2.710E-10   2.742E-10   2.774E-10   2.788E-10   2.803E-10   2.815E-10   2.819E-10
  172   20    1   2.192E-17   3.102E-17   4.529E-17   5.719E-17   7.008E-17   8.698E-17   1.108E-16   1.447E-16   1.926E-16   2.590E-16   3.492E-16   6.258E-16   1.387E-15   2.213E-15   4.064E-15   9.044E-15   1.636E-14
  173   20    2   1.334E-16   1.795E-16   2.504E-16   3.100E-16   3.757E-16   4.618E-16   5.816E-16   7.486E-16   9.779E-16   1.286E-15   1.691E-15   2.869E-15   5.844E-15   8.834E-15   1.507E-14   3.039E-14   5.114E-14
  174   20    3   5.867E-16   7.392E-16   9.661E-16   1.151E-15   1.350E-15   1.604E-15   1.949E-15   2.418E-15   3.048E-15   3.875E-15   4.943E-15   7.977E-15   1.545E-14   2.287E-14   3.829E-14   7.623E-14   1.280E-13
  175   20    4   2.359E-15   2.833E-15   3.530E-15   4.096E-15   4.701E-15   5.458E-15   6.448E-15   7.736E-15   9.381E-15   1.144E-14   1.395E-14   2.055E-14   3.486E-14   4.761E-14   7.166E-14   1.241E-13   1.885E-13
  176   20    5   8.156E-15   9.371E-15   1.114E-14   1.259E-14   1.416E-14   1.616E-14   1.877E-14   2.214E-14   2.642E-14   3.174E-14   3.821E-14   5.506E-14   9.142E-14   1.237E-13   1.846E-13   3.166E-13   4.779E-13
  177   20    6   2.672E-14   2.968E-14   3.389E-14   3.720E-14   4.068E-14   4.489E-14   5.015E-14   5.665E-14   6.448E-14   7.372E-14   8.438E-14   1.100E-13   1.590E-13   1.983E-13   2.661E-13   3.988E-13   5.480E-13
  178   20    7   8.078E-14   8.716E-14   9.646E-14   1.043E-13   1.132E-13   1.243E-13   1.385E-13   1.560E-13   1.772E-13   2.022E-13   2.311E-13   3.008E-13   4.347E-13   5.421E-13   7.271E-13   1.084E-12   1.475E-12
  179   20    8   2.104E-13   2.228E-13   2.391E-13   2.513E-13   2.643E-13   2.801E-13   2.994E-13   3.226E-13   3.495E-13   3.800E-13   4.137E-13   4.903E-13   6.241E-13   7.237E-13   8.858E-13   1.181E-12   1.494E-12
  180   20    9   5.724E-13   5.957E-13   6.281E-13   6.557E-13   6.885E-13   7.303E-13   7.825E-13   8.452E-13   9.182E-13   1.001E-12   1.093E-12   1.301E-12   1.665E-12   1.933E-12   2.363E-12   3.115E-12   3.869E-12
  181   20   10   1.211E-12   1.252E-12   1.294E-12   1.320E-12   1.351E-12   1.392E-12   1.443E-12   1.505E-12   1.575E-12   1.654E-12   1.739E-12   1.925E-12   2.234E-12   2.454E-12   2.799E-12   3.396E-12   3.996E-12
  182   20   11   2.805E-12   2.888E-12   2.970E-12   3.025E-12   3.094E-12   3.186E-12   3.304E-12   3.445E-12   3.607E-12   3.788E-12   3.983E-12   4.410E-12   5.109E-12   5.597E-12   6.342E-12   7.570E-12   8.728E-12
  183   20   12   5.379E-12   5.507E-12   5.576E-12   5.588E-12   5.622E-12   5.687E-12   5.783E-12   5.903E-12   6.044E-12   6.200E-12   6.369E-12   6.734E-12   7.322E-12   7.728E-12   8.345E-12   9.359E-12   1.032E-11
  184   20   13   9.520E-12   9.941E-12   1.020E-11   1.025E-11   1.029E-11   1.036E-11   1.048E-11   1.064E-11   1.084E-11   1.107E-11   1.132E-11   1.188E-11   1.281E-11   1.345E-11   1.442E-11   1.601E-11   1.748E-11
  185   20   14   1.900E-11   1.946E-11   1.958E-11   1.943E-11   1.934E-11   1.932E-11   1.937E-11   1.948E-11   1.963E-11   1.981E-11   2.001E-11   2.045E-11   2.117E-11   2.166E-11   2.240E-11   2.357E-11   2.462E-11
  186   20   15   2.430E-11   2.634E-11   2.762E-11   2.771E-11   2.755E-11   2.737E-11   2.725E-11   2.719E-11   2.720E-11   2.728E-11   2.740E-11   2.777E-11   2.853E-11   2.913E-11   3.008E-11   3.174E-11   3.333E-11
  187   20   16   5.209E-11   5.414E-11   5.526E-11   5.507E-11   5.467E-11   5.431E-11   5.403E-11   5.383E-11   5.368E-11   5.359E-11   5.353E-11   5.351E-11   5.360E-11   5.372E-11   5.393E-11   5.434E-11   5.474E-11
  188   20   17   5.695E-11   6.387E-11   6.896E-11   6.993E-11   6.973E-11   6.920E-11   6.863E-11   6.813E-11   6.771E-11   6.739E-11   6.716E-11   6.692E-11   6.697E-11   6.719E-11   6.770E-11   6.880E-11   6.998E-11
  189   20   18   1.310E-10   1.386E-10   1.440E-10   1.446E-10   1.439E-10   1.432E-10   1.424E-10   1.419E-10   1.414E-10   1.411E-10   1.408E-10   1.405E-10   1.403E-10   1.402E-10   1.403E-10   1.406E-10   1.408E-10
  190   20   19   1.414E-10   1.669E-10   1.970E-10   2.157E-10   2.288E-10   2.385E-10   2.460E-10   2.518E-10   2.565E-10   2.603E-10   2.634E-10   2.682E-10   2.729E-10   2.751E-10   2.773E-10   2.795E-10   2.805E-10
  191   21    1   8.163E-18   1.194E-17   1.740E-17   2.186E-17   2.715E-17   3.461E-17   4.561E-17   6.182E-17   8.536E-17   1.189E-16   1.656E-16   3.132E-16   7.344E-16   1.200E-15   2.252E-15   5.087E-15   9.222E-15
  192   21    2   5.435E-17   7.466E-17   1.010E-16   1.213E-16   1.448E-16   1.772E-16   2.235E-16   2.897E-16   3.829E-16   5.119E-16   6.868E-16   1.224E-15   2.708E-15   4.327E-15   7.978E-15   1.787E-14   3.248E-14
  193   21    3   2.584E-16   3.378E-16   4.300E-16   5.001E-16   5.835E-16   6.993E-16   8.629E-16   1.091E-15   1.401E-15   1.814E-15   2.352E-15   3.899E-15   7.750E-15   1.159E-14   1.956E-14   3.901E-14   6.527E-14
  194   21    4   1.069E-15   1.333E-15   1.587E-15   1.765E-15   1.980E-15   2.284E-15   2.714E-15   3.303E-15   4.092E-15   5.125E-15   6.448E-15   1.016E-14   1.917E-14   2.800E-14   4.613E-14   9.006E-14   1.491E-13
  195   21    5   4.144E-15   5.012E-15   5.693E-15   6.134E-15   6.700E-15   7.516E-15   8.653E-15   1.017E-14   1.211E-14   1.454E-14   1.751E-14   2.521E-14   4.172E-14   5.625E-14   8.339E-14   1.416E-13   2.122E-13
  196   21    6   1.392E-14   1.638E-14   1.783E-14   1.866E-14   1.990E-14   2.186E-14   2.467E-14   2.844E-14   3.331E-14   3.938E-14   4.678E-14   6.596E-14   1.070E-13   1.431E-13   2.107E-13   3.555E-13   5.302E-13
  197   21    7   4.419E-14   5.106E-14   5.366E-14   5.444E-14   5.625E-14   5.959E-14   6.459E-14   7.124E-14   7.956E-14   8.954E-14   1.012E-13   1.292E-13   1.827E-13   2.253E-13   2.986E-13   4.407E-13   5.986E-13
  198   21    8   1.312E-13   1.493E-13   1.529E-13   1.526E-13   1.561E-13   1.642E-13   1.769E-13   1.942E-13   2.161E-13   2.424E-13   2.733E-13   3.483E-13   4.923E-13   6.076E-13   8.054E-13   1.184E-12   1.596E-12
  199   21    9   3.289E-13   3.708E-13   3.718E-13   3.621E-13   3.594E-13   3.648E-13   3.775E-13   3.965E-13   4.210E-13   4.503E-13   4.837E-13   5.614E-13   6.995E-13   8.031E-13   9.717E-13   1.278E-12   1.601E-12
  200   21   10   8.857E-13   9.898E-13   9.777E-13   9.447E-13   9.343E-13   9.474E-13   9.807E-13   1.031E-12   1.097E-12   1.176E-12   1.266E-12   1.476E-12   1.848E-12   2.125E-12   2.568E-12   3.345E-12   4.118E-12
  201   21   11   1.798E-12   2.003E-12   1.961E-12   1.867E-12   1.808E-12   1.786E-12   1.793E-12   1.822E-12   1.869E-12   1.929E-12   2.001E-12   2.169E-12   2.464E-12   2.680E-12   3.022E-12   3.621E-12   4.223E-12
  202   21   12   4.116E-12   4.580E-12   4.463E-12   4.239E-12   4.101E-12   4.049E-12   4.064E-12   4.132E-12   4.241E-12   4.381E-12   4.547E-12   4.933E-12   5.601E-12   6.079E-12   6.816E-12   8.040E-12   9.196E-12
  203   21   13   7.668E-12   8.503E-12   8.225E-12   7.740E-12   7.398E-12   7.192E-12   7.088E-12   7.059E-12   7.083E-12   7.149E-12   7.245E-12   7.501E-12   7.983E-12   8.342E-12   8.907E-12   9.866E-12   1.079E-11
  204   21   14   1.311E-11   1.472E-11   1.449E-11   1.376E-11   1.319E-11   1.282E-11   1.262E-11   1.254E-11   1.256E-11   1.264E-11   1.278E-11   1.317E-11   1.393E-11   1.450E-11   1.539E-11   1.689E-11   1.830E-11
  205   21   15   2.631E-11   2.915E-11   2.809E-11   2.630E-11   2.496E-11   2.403E-11   2.341E-11   2.299E-11   2.274E-11   2.259E-11   2.252E-11   2.257E-11   2.289E-11   2.319E-11   2.372E-11   2.466E-11   2.556E-11
  206   21   16   3.090E-11   3.547E-11   3.620E-11   3.498E-11   3.371E-11   3.267E-11   3.188E-11   3.131E-11   3.092E-11   3.066E-11   3.051E-11   3.046E-11   3.080E-11   3.119E-11   3.191E-11   3.329E-11   3.469E-11
  207   21   17   7.103E-11   7.907E-11   7.676E-11   7.219E-11   6.857E-11   6.589E-11   6.388E-11   6.235E-11   6.116E-11   6.024E-11   5.950E-11   5.843E-11   5.747E-11   5.710E-11   5.677E-11   5.657E-11   5.657E-11
  208   21   18   6.693E-11   7.851E-11   8.310E-11   8.212E-11   8.019E-11   7.828E-11   7.663E-11   7.526E-11   7.415E-11   7.325E-11   7.254E-11   7.154E-11   7.078E-11   7.061E-11   7.066E-11   7.123E-11   7.204E-11
  209   21   19   1.767E-10   1.973E-10   1.927E-10   1.823E-10   1.740E-10   1.679E-10   1.632E-10   1.597E-10   1.569E-10   1.547E-10   1.529E-10   1.502E-10   1.476E-10   1.465E-10   1.453E-10   1.442E-10   1.435E-10
  210   21   20   1.540E-10   1.874E-10   2.146E-10   2.284E-10   2.380E-10   2.452E-10   2.510E-10   2.556E-10   2.594E-10   2.625E-10   2.652E-10   2.693E-10   2.735E-10   2.755E-10   2.777E-10   2.798E-10   2.807E-10
